09 03 00 04 10 
09 03 00 06 04 
09 03 00 06 10 
09 03 00 07 10 
09 03 00 07 18 
09 03 00 0c 18 
09 03 00 0c 1f 
09 03 00 13 18 
09 03 00 1c 03 
09 03 00 1c 10 
09 03 00 1c 1f 
09 03 00 1d 18 
09 03 00 1d 1f 
09 03 00 24 10 
09 03 00 24 1f 
09 03 01 06 00 
09 03 01 06 0f 
09 03 01 07 0c 
09 03 01 07 0f 
09 03 01 07 17 
09 03 01 07 19 
09 03 01 0c 00 
09 03 01 0c 10 
09 03 01 0c 11 
09 03 01 0c 1f 
09 03 01 0c 27 
09 03 01 0e 0e 
09 03 01 0e 10 
09 03 01 0e 16 
09 03 01 0e 1f 
09 03 01 13 00 
09 03 01 13 10 
09 03 01 13 1f 
09 03 01 1c 10 
09 03 01 24 10 
09 03 01 24 27 
09 03 02 04 10 
09 03 02 06 27 
09 03 02 07 1f 
09 03 02 0c 01 
09 03 02 0c 18 
09 03 02 0c 19 
09 03 02 0c 20 
09 03 02 0d 19 
09 03 02 0d 20 
09 03 02 0e 1f 
09 03 02 1b 10 
09 03 02 1c 10 
09 03 02 1d 1f 
09 03 02 24 18 
09 03 02 24 19 
09 03 02 24 20 
09 03 08 07 00 
09 03 08 0c 27 
09 03 08 0e 00 
09 03 0d 14 
09 03 0d 1d 
09 03 0e 00 09 
09 03 0e 00 10 
09 03 0e 04 10 
09 03 0e 06 10 
09 03 0e 07 10 
09 03 0e 07 18 
09 03 0e 07 27 
09 03 0e 0c 10 
09 03 0e 0e 01 
09 03 0e 0e 10 
09 03 0e 0e 18 
09 03 0e 0e 27 
09 03 0e 13 18 
09 03 0e 14 
09 03 0e 25 
09 03 0f 00 01 
09 03 0f 00 1f 
09 03 0f 00 27 
09 03 0f 04 27 
09 03 0f 05 10 
09 03 0f 06 01 
09 03 0f 06 10 
09 03 0f 06 20 
09 03 0f 06 27 
09 03 0f 07 01 
09 03 0f 07 1f 
09 03 0f 07 27 
09 03 0f 0c 10 
09 03 0f 0c 1f 
09 03 0f 0c 20 
09 03 0f 0c 27 
09 03 0f 0d 10 
09 03 0f 0e 10 
09 03 0f 0e 1f 
09 03 0f 0e 20 
09 03 0f 0e 27 
09 03 0f 13 10 
09 03 0f 13 27 
09 03 0f 15 10 
09 03 0f 15 20 
09 03 0f 1b 10 
09 03 0f 1c 20 
09 03 0f 24 10 
09 03 10 04 00 
09 03 10 04 02 
09 03 10 04 0e 
09 03 10 04 18 
09 03 10 04 1e 
09 03 10 05 0e 
09 03 10 05 0f 
09 03 10 05 18 
09 03 10 06 0e 
09 03 10 06 12 
09 03 10 06 18 
09 03 10 06 1e 
09 03 10 07 00 
09 03 10 07 02 
09 03 10 07 0c 
09 03 10 07 0e 
09 03 10 07 16 
09 03 10 07 18 
09 03 10 07 1e 
09 03 10 07 20 
09 03 10 0c 01 
09 03 10 0c 0e 
09 03 10 0c 18 
09 03 10 0c 19 
09 03 10 0c 1e 
09 03 10 0c 20 
09 03 10 0d 18 
09 03 10 0d 19 
09 03 10 0d 1f 
09 03 10 0d 20 
09 03 10 0e 00 
09 03 10 0e 01 
09 03 10 0e 02 
09 03 10 0e 0e 
09 03 10 0e 12 
09 03 10 0e 18 
09 03 10 0e 19 
09 03 10 0e 20 
09 03 10 13 00 
09 03 10 13 0f 
09 03 10 13 13 
09 03 10 13 18 
09 03 10 15 01 
09 03 10 15 0e 
09 03 10 15 18 
09 03 10 15 19 
09 03 10 15 1e 
09 03 10 1b 1f 
09 03 10 1b 27 
09 03 10 1c 00 
09 03 10 1c 01 
09 03 10 1c 0f 
09 03 10 1c 19 
09 03 10 1c 1e 
09 03 10 1c 20 
09 03 10 24 00 
09 03 10 24 0f 
09 03 10 24 13 
09 03 10 24 18 
09 03 11 07 00 
09 03 11 07 1f 
09 03 11 0b 1f 
09 03 11 0c 01 
09 03 11 0e 17 
09 03 11 1d 1f 
09 03 11 25 17 
09 03 16 05 27 
09 03 16 13 27 
09 03 16 1b 
09 03 16 1d 1f 
09 03 16 24 1f 
09 03 17 05 01 
09 03 17 05 27 
09 03 17 07 00 
09 03 17 07 01 
09 03 17 07 10 
09 03 17 07 27 
09 03 17 25 01 
09 03 18 04 10 
09 03 18 06 00 
09 03 18 06 10 
09 03 18 06 20 
09 03 18 06 27 
09 03 18 07 00 
09 03 18 07 0e 
09 03 18 07 10 
09 03 18 07 20 
09 03 18 0c 00 
09 03 18 0c 10 
09 03 18 0c 11 
09 03 18 0c 1b 
09 03 18 0c 27 
09 03 18 0d 10 
09 03 18 0d 11 
09 03 18 0e 0e 
09 03 18 0e 10 
09 03 18 0e 1b 
09 03 18 0e 27 
09 03 18 15 1b 
09 03 18 1b 10 
09 03 18 1d 17 
09 03 18 24 02 
09 03 18 24 0e 
09 03 18 24 10 
09 03 18 24 11 
09 03 18 24 1e 
09 03 18 24 27 
09 03 19 05 10 
09 03 19 06 27 
09 03 19 07 01 
09 03 19 0c 10 
09 03 19 0c 27 
09 03 19 0d 00 
09 03 19 0d 02 
09 03 19 0d 10 
09 03 19 0e 10 
09 03 19 1c 10 
09 03 19 1c 1f 
09 03 19 24 02 
09 03 19 24 1f 
09 03 19 24 27 
09 03 1f 04 19 
09 03 1f 06 26 
09 03 1f 06 27 
09 03 1f 07 02 
09 03 1f 07 0f 
09 03 1f 07 19 
09 03 1f 07 26 
09 03 1f 0b 11 
09 03 1f 0c 01 
09 03 1f 0c 19 
09 03 1f 0c 26 
09 03 1f 0d 10 
09 03 1f 0e 01 
09 03 1f 0e 02 
09 03 1f 0e 19 
09 03 1f 0e 20 
09 03 1f 0e 26 
09 03 1f 1b 10 
09 03 1f 24 16 
09 03 1f 24 26 
09 03 20 06 0f 
09 03 20 07 08 
09 03 20 07 18 
09 03 20 07 1f 
09 03 20 07 27 
09 03 20 0c 10 
09 03 20 0d 02 
09 03 20 0d 10 
09 03 20 0e 10 
09 03 20 0e 1f 
09 03 20 15 00 
09 03 20 15 0f 
09 03 20 1c 0f 
09 03 20 1c 10 
09 03 20 1d 18 
09 03 20 24 02 
09 03 27 04 00 
09 03 27 04 0f 
09 03 27 04 19 
09 03 27 04 1f 
09 03 27 04 22 
09 03 27 05 0f 
09 03 27 06 02 
09 03 27 06 0f 
09 03 27 06 18 
09 03 27 06 19 
09 03 27 06 1f 
09 03 27 06 24 
09 03 27 07 0e 
09 03 27 07 0f 
09 03 27 07 17 
09 03 27 07 20 
09 03 27 07 22 
09 03 27 0c 00 
09 03 27 0c 01 
09 03 27 0c 08 
09 03 27 0c 18 
09 03 27 0c 19 
09 03 27 0c 22 
09 03 27 0e 0e 
09 03 27 0e 18 
09 03 27 0e 22 
09 03 27 13 0f 
09 03 27 13 10 
09 03 27 13 16 
09 03 27 13 18 
09 03 27 15 0f 
09 03 27 15 18 
09 03 27 15 22 
09 03 27 1b 10 
09 03 27 1c 00 
09 03 27 1c 1f 
09 03 27 24 00 
09 03 27 24 0f 
09 03 27 24 18 
09 03 27 24 19 
09 03 27 25 18 
09 04 01 00 0c 
09 04 01 00 0f 
09 04 01 00 17 
09 04 01 00 19 
09 04 01 01 0f 
09 04 01 01 18 
09 04 01 01 19 
09 04 01 01 27 
09 04 01 03 0e 
09 04 01 04 0e 
09 04 01 04 10 
09 04 01 0c 10 
09 04 01 0d 0e 
09 04 01 0d 10 
09 04 01 0e 0e 
09 04 01 0e 16 
09 04 01 0e 1f 
09 04 01 1c 
09 04 01 1d 
09 04 02 00 1f 
09 04 02 01 10 
09 04 02 01 19 
09 04 02 01 27 
09 04 02 02 10 
09 04 02 04 27 
09 04 02 0c 10 
09 04 02 0d 10 
09 04 02 0d 19 
09 04 02 0e 10 
09 04 02 0e 1f 
09 04 02 13 
09 04 02 1c 10 
09 04 02 1d 10 
09 04 02 24 10 
09 04 02 25 10 
09 04 08 00 00 
09 04 08 03 1f 
09 04 08 03 27 
09 04 08 25 10 
09 04 0c 00 01 
09 04 0c 00 10 
09 04 0c 00 27 
09 04 0c 01 10 
09 04 0c 03 10 
09 04 0c 0e 10 
09 04 0c 13 
09 04 0c 1b 
09 04 0d 0b 
09 04 0d 13 
09 04 0d 1b 
09 04 0d 24 
09 04 0e 00 10 
09 04 0e 01 09 
09 04 0e 01 10 
09 04 0e 02 10 
09 04 0e 03 01 
09 04 0e 03 10 
09 04 0e 0b 
09 04 0e 0d 01 
09 04 0e 0e 01 
09 04 0e 0e 10 
09 04 0e 0e 27 
09 04 0e 1b 10 
09 04 0e 25 10 
09 04 0f 00 01 
09 04 0f 00 1f 
09 04 0f 00 27 
09 04 0f 01 01 
09 04 0f 01 1f 
09 04 0f 01 27 
09 04 0f 02 27 
09 04 0f 03 10 
09 04 0f 03 1f 
09 04 0f 03 27 
09 04 0f 0d 20 
09 04 0f 0e 1f 
09 04 10 00 00 
09 04 10 00 02 
09 04 10 00 0c 
09 04 10 00 0e 
09 04 10 00 16 
09 04 10 00 18 
09 04 10 00 1e 
09 04 10 00 20 
09 04 10 01 00 
09 04 10 01 02 
09 04 10 01 0c 
09 04 10 01 0e 
09 04 10 01 0f 
09 04 10 01 16 
09 04 10 01 18 
09 04 10 01 1e 
09 04 10 01 20 
09 04 10 02 00 
09 04 10 02 02 
09 04 10 02 0e 
09 04 10 02 18 
09 04 10 02 1e 
09 04 10 03 0c 
09 04 10 03 0d 
09 04 10 03 0e 
09 04 10 03 19 
09 04 10 03 1e 
09 04 10 03 27 
09 04 10 0c 01 
09 04 10 0c 0d 
09 04 10 0c 19 
09 04 10 0c 1e 
09 04 10 0d 01 
09 04 10 0d 18 
09 04 10 0d 19 
09 04 10 0d 27 
09 04 10 0e 02 
09 04 10 0e 0c 
09 04 10 0e 0e 
09 04 10 0e 16 
09 04 10 0e 18 
09 04 10 0e 19 
09 04 10 0e 1e 
09 04 10 13 0e 
09 04 10 13 18 
09 04 10 15 19 
09 04 10 1b 0e 
09 04 10 1b 19 
09 04 10 1b 1e 
09 04 10 1c 19 
09 04 10 24 0e 
09 04 10 24 18 
09 04 10 25 0e 
09 04 10 25 18 
09 04 10 25 19 
09 04 10 25 1e 
09 04 10 
09 04 11 01 08 
09 04 11 14 
09 04 11 1b 
09 04 11 1d 1f 
09 04 11 25 
09 04 16 0d 1f 
09 04 16 1b 
09 04 16 24 
09 04 17 0e 10 
09 04 17 14 
09 04 17 1b 
09 04 17 24 
09 04 18 00 00 
09 04 18 00 0e 
09 04 18 00 10 
09 04 18 00 20 
09 04 18 01 01 
09 04 18 01 10 
09 04 18 01 20 
09 04 18 01 27 
09 04 18 02 10 
09 04 18 0d 10 
09 04 18 0e 10 
09 04 18 1b 
09 04 18 24 10 
09 04 19 00 01 
09 04 19 01 01 
09 04 19 01 02 
09 04 19 01 27 
09 04 19 02 10 
09 04 19 03 10 
09 04 19 0c 10 
09 04 19 0d 02 
09 04 19 0d 10 
09 04 19 0e 10 
09 04 19 0e 27 
09 04 19 13 
09 04 19 1b 10 
09 04 19 1c 10 
09 04 19 25 10 
09 04 1f 00 26 
09 04 1f 00 27 
09 04 1f 01 0f 
09 04 1f 01 19 
09 04 1f 02 19 
09 04 1f 03 08 
09 04 1f 03 0d 
09 04 1f 03 0f 
09 04 1f 03 19 
09 04 1f 0c 19 
09 04 1f 0d 16 
09 04 1f 0d 19 
09 04 1f 0e 01 
09 04 1f 0e 02 
09 04 1f 0e 19 
09 04 1f 14 
09 04 20 00 00 
09 04 20 00 08 
09 04 20 00 10 
09 04 20 00 18 
09 04 20 01 0f 
09 04 20 01 10 
09 04 20 01 18 
09 04 20 02 10 
09 04 20 03 0f 
09 04 20 1d 1f 
09 04 27 00 00 
09 04 27 00 17 
09 04 27 00 18 
09 04 27 00 19 
09 04 27 01 01 
09 04 27 01 02 
09 04 27 01 0f 
09 04 27 01 18 
09 04 27 01 19 
09 04 27 02 0f 
09 04 27 03 08 
09 04 27 03 0f 
09 04 27 03 10 
09 04 27 0d 10 
09 04 27 0e 0e 
09 04 27 0e 19 
09 04 27 1c 0f 
09 04 27 1c 10 
09 0b 00 02 0e 
09 0b 00 03 27 
09 0b 00 08 02 
09 0b 00 08 0d 
09 0b 00 08 0e 
09 0b 00 08 10 
09 0b 00 08 11 
09 0b 00 08 17 
09 0b 00 08 1f 
09 0b 00 08 20 
09 0b 00 08 27 
09 0b 00 09 10 
09 0b 00 09 17 
09 0b 00 09 18 
09 0b 00 09 1f 
09 0b 00 09 20 
09 0b 00 09 27 
09 0b 00 0a 0d 
09 0b 00 0a 0e 
09 0b 00 0a 10 
09 0b 00 0a 17 
09 0b 00 0a 1f 
09 0b 00 0a 20 
09 0b 00 0c 02 
09 0b 00 0c 10 
09 0b 00 0d 0e 
09 0b 00 0d 10 
09 0b 00 0d 16 
09 0b 00 0d 18 
09 0b 00 0d 1f 
09 0b 00 0d 20 
09 0b 00 0e 02 
09 0b 00 0e 0c 
09 0b 00 0e 0e 
09 0b 00 0e 10 
09 0b 00 0e 1f 
09 0b 00 0f 08 
09 0b 00 0f 0e 
09 0b 00 0f 10 
09 0b 00 0f 16 
09 0b 00 0f 18 
09 0b 00 0f 1f 
09 0b 00 0f 20 
09 0b 00 0f 27 
09 0b 00 13 0e 
09 0b 00 13 27 
09 0b 00 1b 0e 
09 0b 00 1b 10 
09 0b 00 1b 20 
09 0b 00 1b 27 
09 0b 00 1c 02 
09 0b 00 1c 0e 
09 0b 00 1c 10 
09 0b 00 1c 16 
09 0b 00 1c 20 
09 0b 00 1c 27 
09 0b 00 1d 27 
09 0b 00 24 0e 
09 0b 00 24 10 
09 0b 00 25 04 
09 0b 00 25 27 
09 0b 01 04 0e 
09 0b 01 08 0c 
09 0b 01 08 17 
09 0b 01 08 27 
09 0b 01 09 18 
09 0b 01 09 19 
09 0b 01 0c 00 
09 0b 01 0c 07 
09 0b 01 0d 0e 
09 0b 01 0d 16 
09 0b 01 0d 1f 
09 0b 01 0e 00 
09 0b 01 0e 10 
09 0b 01 0e 19 
09 0b 01 0f 0c 
09 0b 01 0f 0f 
09 0b 01 0f 17 
09 0b 01 0f 19 
09 0b 01 13 18 
09 0b 01 13 19 
09 0b 01 1b 0e 
09 0b 01 24 0e 
09 0b 01 25 0e 
09 0b 02 08 07 
09 0b 02 08 1f 
09 0b 02 09 1f 
09 0b 02 0a 01 
09 0b 02 0a 07 
09 0b 02 0a 1f 
09 0b 02 0a 20 
09 0b 02 0c 19 
09 0b 02 0d 10 
09 0b 02 0d 1f 
09 0b 02 0e 01 
09 0b 02 0f 1f 
09 0b 02 13 18 
09 0b 02 1c 17 
09 0b 02 1d 10 
09 0b 08 03 
09 0b 08 08 20 
09 0b 08 0f 00 
09 0b 0c 03 
09 0b 0c 08 01 
09 0b 0c 08 10 
09 0b 0c 08 27 
09 0b 0c 09 27 
09 0b 0c 0d 10 
09 0b 0c 0e 00 
09 0b 0c 0e 10 
09 0b 0c 0f 01 
09 0b 0c 0f 10 
09 0b 0c 0f 27 
09 0b 0c 24 
09 0b 0d 03 
09 0b 0d 08 00 
09 0b 0d 0a 00 
09 0b 0d 1b 
09 0b 0e 08 00 
09 0b 0e 08 10 
09 0b 0e 08 27 
09 0b 0e 09 10 
09 0b 0e 0a 10 
09 0b 0e 0a 18 
09 0b 0e 0b 01 
09 0b 0e 0b 10 
09 0b 0e 0d 01 
09 0b 0e 0d 10 
09 0b 0e 0d 27 
09 0b 0e 0e 18 
09 0b 0e 0f 10 
09 0b 0e 0f 18 
09 0b 0e 0f 27 
09 0b 0e 16 10 
09 0b 0e 1b 01 
09 0b 0e 25 01 
09 0b 10 08 00 
09 0b 10 08 02 
09 0b 10 08 0c 
09 0b 10 08 0e 
09 0b 10 08 20 
09 0b 10 09 00 
09 0b 10 09 02 
09 0b 10 09 0e 
09 0b 10 09 18 
09 0b 10 09 19 
09 0b 10 09 20 
09 0b 10 0a 00 
09 0b 10 0a 02 
09 0b 10 0a 0e 
09 0b 10 0a 13 
09 0b 10 0a 18 
09 0b 10 0a 20 
09 0b 10 0c 00 
09 0b 10 0c 19 
09 0b 10 0d 02 
09 0b 10 0d 0c 
09 0b 10 0d 0e 
09 0b 10 0d 16 
09 0b 10 0d 18 
09 0b 10 0d 19 
09 0b 10 0d 1e 
09 0b 10 0e 01 
09 0b 10 0e 02 
09 0b 10 0e 0c 
09 0b 10 0e 18 
09 0b 10 0e 19 
09 0b 10 0e 20 
09 0b 10 13 00 
09 0b 10 13 02 
09 0b 10 1b 00 
09 0b 10 1b 02 
09 0b 10 1b 1f 
09 0b 10 1b 27 
09 0b 10 1c 00 
09 0b 10 1c 02 
09 0b 10 1c 16 
09 0b 10 1c 1f 
09 0b 10 1c 27 
09 0b 10 24 00 
09 0b 10 24 02 
09 0b 10 25 00 
09 0b 11 08 00 
09 0b 11 08 14 
09 0b 11 08 16 
09 0b 11 08 17 
09 0b 11 09 17 
09 0b 11 0e 1e 
09 0b 11 25 
09 0b 16 08 01 
09 0b 16 08 17 
09 0b 16 08 1e 
09 0b 16 09 01 
09 0b 16 09 08 
09 0b 16 0a 11 
09 0b 16 0a 1e 
09 0b 16 0e 11 
09 0b 16 14 0e 
09 0b 16 15 00 
09 0b 16 1c 17 
09 0b 16 1c 1f 
09 0b 16 1c 27 
09 0b 17 04 00 
09 0b 17 08 00 
09 0b 17 08 01 
09 0b 17 08 14 
09 0b 17 08 19 
09 0b 17 08 1f 
09 0b 17 08 27 
09 0b 17 09 00 
09 0b 17 0d 10 
09 0b 17 0e 1f 
09 0b 17 0f 00 
09 0b 17 0f 01 
09 0b 17 0f 10 
09 0b 17 0f 27 
09 0b 17 14 00 
09 0b 17 16 00 
09 0b 17 1b 27 
09 0b 17 1c 00 
09 0b 17 1c 10 
09 0b 17 1c 14 
09 0b 17 1c 1f 
09 0b 17 1c 27 
09 0b 17 1d 00 
09 0b 18 08 02 
09 0b 18 08 11 
09 0b 18 08 16 
09 0b 18 08 1e 
09 0b 18 08 1f 
09 0b 18 09 18 
09 0b 18 09 1e 
09 0b 18 09 1f 
09 0b 18 09 27 
09 0b 18 0a 02 
09 0b 18 0a 16 
09 0b 18 0a 1e 
09 0b 18 0a 1f 
09 0b 18 0e 08 
09 0b 18 0e 16 
09 0b 18 0e 1e 
09 0b 18 0e 1f 
09 0b 18 0e 20 
09 0b 18 0f 1f 
09 0b 18 13 02 
09 0b 18 16 
09 0b 18 1c 27 
09 0b 18 25 
09 0b 19 08 12 
09 0b 19 08 17 
09 0b 19 08 1e 
09 0b 19 08 26 
09 0b 19 09 01 
09 0b 19 09 10 
09 0b 19 0a 01 
09 0b 19 0a 1e 
09 0b 19 0a 27 
09 0b 19 0c 10 
09 0b 19 0c 27 
09 0b 19 0d 10 
09 0b 19 0d 27 
09 0b 19 0e 00 
09 0b 19 0e 01 
09 0b 19 0e 10 
09 0b 19 0f 01 
09 0b 19 13 01 
09 0b 19 13 27 
09 0b 19 16 27 
09 0b 1f 03 11 
09 0b 1f 04 26 
09 0b 1f 08 00 
09 0b 1f 08 02 
09 0b 1f 08 17 
09 0b 1f 08 19 
09 0b 1f 08 1c 
09 0b 1f 09 02 
09 0b 1f 0a 00 
09 0b 1f 0a 02 
09 0b 1f 0a 19 
09 0b 1f 0a 1c 
09 0b 1f 0a 20 
09 0b 1f 0c 10 
09 0b 1f 0c 16 
09 0b 1f 0c 19 
09 0b 1f 0d 01 
09 0b 1f 0d 02 
09 0b 1f 0d 19 
09 0b 1f 0e 00 
09 0b 1f 0e 17 
09 0b 1f 0e 19 
09 0b 1f 0e 1a 
09 0b 1f 0e 26 
09 0b 1f 0f 02 
09 0b 1f 0f 0f 
09 0b 1f 0f 19 
09 0b 1f 0f 26 
09 0b 1f 1b 10 
09 0b 1f 1c 10 
09 0b 1f 1c 16 
09 0b 1f 1c 17 
09 0b 20 02 0e 
09 0b 20 08 00 
09 0b 20 08 10 
09 0b 20 08 27 
09 0b 20 09 00 
09 0b 20 09 10 
09 0b 20 09 18 
09 0b 20 09 27 
09 0b 20 0a 00 
09 0b 20 0a 02 
09 0b 20 0a 0e 
09 0b 20 0a 10 
09 0b 20 0a 18 
09 0b 20 0a 1f 
09 0b 20 0a 26 
09 0b 20 0e 00 
09 0b 20 0e 10 
09 0b 20 0e 18 
09 0b 20 0f 00 
09 0b 20 0f 08 
09 0b 20 0f 10 
09 0b 20 0f 18 
09 0b 20 15 0e 
09 0b 20 1b 00 
09 0b 20 1c 00 
09 0b 20 25 
09 0b 27 08 01 
09 0b 27 08 0e 
09 0b 27 08 17 
09 0b 27 08 21 
09 0b 27 08 22 
09 0b 27 08 24 
09 0b 27 09 21 
09 0b 27 0a 19 
09 0b 27 0a 24 
09 0b 27 0d 0e 
09 0b 27 0d 19 
09 0b 27 0f 0e 
09 0b 27 0f 0f 
09 0b 27 0f 17 
09 0b 27 0f 20 
09 0b 27 0f 22 
09 0b 27 13 19 
09 0b 27 16 19 
09 0b 27 1b 00 
09 0b 27 1b 10 
09 0b 27 1b 17 
09 0b 27 1c 10 
09 0b 27 1c 16 
09 0b 27 1c 17 
09 0b 27 1c 18 
09 0b 27 1d 
09 0c 00 02 0e 
09 0c 00 02 10 
09 0c 00 02 27 
09 0c 00 03 02 
09 0c 00 03 10 
09 0c 00 08 08 
09 0c 00 08 0e 
09 0c 00 08 10 
09 0c 00 08 16 
09 0c 00 08 18 
09 0c 00 08 1f 
09 0c 00 08 20 
09 0c 00 08 27 
09 0c 00 0e 04 
09 0c 00 0e 0e 
09 0c 00 0e 10 
09 0c 00 0e 27 
09 0c 00 0f 0e 
09 0c 00 0f 10 
09 0c 00 0f 16 
09 0c 00 0f 18 
09 0c 00 0f 1f 
09 0c 00 0f 20 
09 0c 00 14 17 
09 0c 00 15 10 
09 0c 00 15 17 
09 0c 00 15 1f 
09 0c 00 1b 10 
09 0c 00 1b 1f 
09 0c 00 1c 10 
09 0c 00 1c 1f 
09 0c 00 1c 20 
09 0c 00 1d 02 
09 0c 00 1d 10 
09 0c 00 1d 19 
09 0c 00 24 10 
09 0c 00 24 17 
09 0c 00 25 10 
09 0c 00 25 11 
09 0c 00 25 1f 
09 0c 01 02 0e 
09 0c 01 03 00 
09 0c 01 03 10 
09 0c 01 03 11 
09 0c 01 03 1f 
09 0c 01 03 27 
09 0c 01 04 00 
09 0c 01 04 07 
09 0c 01 04 0e 
09 0c 01 04 10 
09 0c 01 04 1f 
09 0c 01 08 0c 
09 0c 01 08 0f 
09 0c 01 08 17 
09 0c 01 08 19 
09 0c 01 0e 07 
09 0c 01 0e 0e 
09 0c 01 0e 10 
09 0c 01 0e 16 
09 0c 01 0e 1f 
09 0c 01 0f 0e 
09 0c 01 0f 16 
09 0c 01 0f 1f 
09 0c 01 13 0e 
09 0c 01 16 0e 
09 0c 01 1d 00 
09 0c 08 02 1f 
09 0c 08 02 27 
09 0c 08 03 27 
09 0c 08 08 00 
09 0c 08 15 18 
09 0c 08 16 1f 
09 0c 08 16 27 
09 0c 08 25 00 
09 0c 08 25 1f 
09 0c 08 25 27 
09 0c 0c 02 10 
09 0c 0c 03 10 
09 0c 0c 08 01 
09 0c 0c 08 10 
09 0c 0c 08 27 
09 0c 0c 0f 10 
09 0c 0c 1c 10 
09 0c 0c 1d 10 
09 0c 0c 25 10 
09 0c 0d 08 00 
09 0c 0d 13 20 
09 0c 0d 15 00 
09 0c 0d 15 18 
09 0c 0d 1b 20 
09 0c 0e 02 01 
09 0c 0e 02 10 
09 0c 0e 03 10 
09 0c 0e 08 10 
09 0c 0e 08 18 
09 0c 0e 08 27 
09 0c 0e 09 01 
09 0c 0e 09 10 
09 0c 0e 0f 01 
09 0c 0e 0f 10 
09 0c 0e 0f 27 
09 0c 0e 15 11 
09 0c 0e 16 01 
09 0c 0e 1d 01 
09 0c 10 02 0c 
09 0c 10 02 0d 
09 0c 10 02 0e 
09 0c 10 02 19 
09 0c 10 02 1e 
09 0c 10 02 27 
09 0c 10 03 01 
09 0c 10 03 0e 
09 0c 10 03 18 
09 0c 10 03 19 
09 0c 10 03 1e 
09 0c 10 03 20 
09 0c 10 04 01 
09 0c 10 04 0d 
09 0c 10 04 19 
09 0c 10 04 1e 
09 0c 10 08 00 
09 0c 10 08 02 
09 0c 10 08 0c 
09 0c 10 08 0e 
09 0c 10 08 16 
09 0c 10 08 18 
09 0c 10 08 1e 
09 0c 10 08 20 
09 0c 10 09 00 
09 0c 10 09 0f 
09 0c 10 09 16 
09 0c 10 0a 00 
09 0c 10 0a 0e 
09 0c 10 0a 15 
09 0c 10 0a 16 
09 0c 10 0a 18 
09 0c 10 0a 20 
09 0c 10 0f 02 
09 0c 10 0f 0c 
09 0c 10 0f 0e 
09 0c 10 0f 16 
09 0c 10 0f 18 
09 0c 10 0f 19 
09 0c 10 0f 1e 
09 0c 10 13 00 
09 0c 10 13 0d 
09 0c 10 13 0e 
09 0c 10 13 16 
09 0c 10 13 18 
09 0c 10 13 1e 
09 0c 10 13 20 
09 0c 10 15 0c 
09 0c 10 15 0d 
09 0c 10 15 16 
09 0c 10 15 18 
09 0c 10 15 19 
09 0c 10 15 1e 
09 0c 10 16 00 
09 0c 10 16 0c 
09 0c 10 16 0d 
09 0c 10 16 0e 
09 0c 10 16 19 
09 0c 10 16 1e 
09 0c 10 16 1f 
09 0c 10 16 27 
09 0c 10 1b 00 
09 0c 10 1b 0d 
09 0c 10 1b 13 
09 0c 10 1b 15 
09 0c 10 1b 19 
09 0c 10 1b 1e 
09 0c 10 1b 27 
09 0c 10 1c 00 
09 0c 10 1c 0c 
09 0c 10 1c 0d 
09 0c 10 1c 16 
09 0c 10 1c 19 
09 0c 10 1c 1e 
09 0c 10 24 00 
09 0c 10 24 0d 
09 0c 10 24 0e 
09 0c 10 24 16 
09 0c 10 24 18 
09 0c 10 24 1e 
09 0c 10 24 20 
09 0c 10 25 0c 
09 0c 10 25 18 
09 0c 10 
09 0c 11 0a 17 
09 0c 11 13 17 
09 0c 11 15 0e 
09 0c 17 08 00 
09 0c 17 08 01 
09 0c 17 08 10 
09 0c 17 08 27 
09 0c 17 09 10 
09 0c 17 0a 00 
09 0c 17 0a 01 
09 0c 17 0a 10 
09 0c 17 0a 27 
09 0c 17 0f 10 
09 0c 17 13 10 
09 0c 17 1c 10 
09 0c 17 24 10 
09 0c 17 25 01 
09 0c 18 03 00 
09 0c 18 03 10 
09 0c 18 03 11 
09 0c 18 03 1b 
09 0c 18 03 27 
09 0c 18 08 00 
09 0c 18 08 0e 
09 0c 18 08 10 
09 0c 18 08 20 
09 0c 18 0f 10 
09 0c 18 14 26 
09 0c 18 15 08 
09 0c 18 15 0d 
09 0c 18 24 0e 
09 0c 18 24 10 
09 0c 18 24 12 
09 0c 18 24 1e 
09 0c 19 02 10 
09 0c 19 03 10 
09 0c 19 03 27 
09 0c 19 04 10 
09 0c 19 08 01 
09 0c 19 0f 10 
09 0c 19 0f 27 
09 0c 19 15 00 
09 0c 19 1b 10 
09 0c 19 24 1f 
09 0c 1f 02 08 
09 0c 1f 02 0d 
09 0c 1f 02 0f 
09 0c 1f 02 19 
09 0c 1f 03 01 
09 0c 1f 03 19 
09 0c 1f 03 26 
09 0c 1f 04 00 
09 0c 1f 04 19 
09 0c 1f 04 26 
09 0c 1f 08 02 
09 0c 1f 08 0f 
09 0c 1f 08 19 
09 0c 1f 08 26 
09 0c 1f 0f 01 
09 0c 1f 0f 02 
09 0c 1f 0f 19 
09 0c 1f 13 19 
09 0c 1f 15 0e 
09 0c 1f 15 10 
09 0c 1f 15 19 
09 0c 1f 16 08 
09 0c 1f 16 0d 
09 0c 1f 16 0f 
09 0c 1f 16 19 
09 0c 1f 1b 12 
09 0c 1f 1c 0e 
09 0c 1f 1c 1a 
09 0c 1f 24 18 
09 0c 1f 24 19 
09 0c 1f 24 26 
09 0c 20 02 0f 
09 0c 20 03 10 
09 0c 20 03 1f 
09 0c 20 08 00 
09 0c 20 08 08 
09 0c 20 08 10 
09 0c 20 08 18 
09 0c 20 13 27 
09 0c 20 15 08 
09 0c 20 1c 00 
09 0c 20 24 10 
09 0c 27 02 08 
09 0c 27 02 0f 
09 0c 27 02 10 
09 0c 27 03 00 
09 0c 27 03 01 
09 0c 27 03 08 
09 0c 27 03 18 
09 0c 27 03 19 
09 0c 27 03 22 
09 0c 27 08 0e 
09 0c 27 08 0f 
09 0c 27 08 17 
09 0c 27 08 20 
09 0c 27 08 22 
09 0c 27 09 20 
09 0c 27 0f 0e 
09 0c 27 0f 19 
09 0c 27 15 08 
09 0c 27 16 08 
09 0c 27 16 0f 
09 0c 27 1b 10 
09 0c 27 1c 22 
09 0c 27 24 24 
09 0c 27 25 18 
09 0d 00 02 0e 
09 0d 00 02 0f 
09 0d 00 02 16 
09 0d 00 03 19 
09 0d 00 09 00 
09 0d 00 09 08 
09 0d 00 09 0e 
09 0d 00 09 0f 
09 0d 00 09 20 
09 0d 00 0a 01 
09 0d 00 0a 11 
09 0d 00 0a 16 
09 0d 00 0a 17 
09 0d 00 0b 11 
09 0d 00 0b 16 
09 0d 00 0b 17 
09 0d 00 13 02 
09 0d 00 15 11 
09 0d 00 16 0f 
09 0d 00 1d 17 
09 0d 00 24 02 
09 0d 01 02 00 
09 0d 01 02 0e 
09 0d 01 02 10 
09 0d 01 09 0c 
09 0d 01 09 0f 
09 0d 01 09 17 
09 0d 01 09 19 
09 0d 01 0a 18 
09 0d 01 0a 19 
09 0d 01 0b 00 
09 0d 01 0b 07 
09 0d 01 0b 10 
09 0d 01 0b 27 
09 0d 01 0c 07 
09 0d 01 0c 0e 
09 0d 01 0c 10 
09 0d 01 0c 16 
09 0d 01 0c 1f 
09 0d 01 15 19 
09 0d 01 16 00 
09 0d 01 1b 17 
09 0d 01 1d 16 
09 0d 01 24 17 
09 0d 02 03 19 
09 0d 02 03 20 
09 0d 02 09 1f 
09 0d 02 0a 1f 
09 0d 02 0c 01 
09 0d 02 0c 07 
09 0d 02 0c 1f 
09 0d 02 13 17 
09 0d 02 13 27 
09 0d 02 16 00 
09 0d 02 1b 10 
09 0d 02 1b 17 
09 0d 02 1c 19 
09 0d 02 1d 10 
09 0d 02 1d 1f 
09 0d 08 02 27 
09 0d 08 09 00 
09 0d 08 0a 20 
09 0d 08 13 27 
09 0d 08 16 27 
09 0d 08 1d 10 
09 0d 0c 09 01 
09 0d 0c 09 10 
09 0d 0c 09 27 
09 0d 0c 0a 27 
09 0d 0c 0c 10 
09 0d 0d 1c 
09 0d 0d 24 
09 0d 0e 02 01 
09 0d 0e 02 10 
09 0d 0e 02 18 
09 0d 0e 02 27 
09 0d 0e 09 10 
09 0d 0e 09 18 
09 0d 0e 09 27 
09 0d 0e 0a 10 
09 0d 0e 0b 10 
09 0d 0e 0c 18 
09 0d 0e 15 18 
09 0d 0e 1b 10 
09 0d 0e 24 10 
09 0d 0f 1c 
09 0d 0f 24 
09 0d 0f 25 
09 0d 10 02 01 
09 0d 10 02 02 
09 0d 10 02 0e 
09 0d 10 02 18 
09 0d 10 02 19 
09 0d 10 02 1e 
09 0d 10 02 27 
09 0d 10 03 18 
09 0d 10 03 19 
09 0d 10 03 1f 
09 0d 10 03 20 
09 0d 10 09 00 
09 0d 10 09 02 
09 0d 10 09 0c 
09 0d 10 09 0e 
09 0d 10 09 16 
09 0d 10 09 18 
09 0d 10 09 1e 
09 0d 10 09 20 
09 0d 10 0a 00 
09 0d 10 0a 01 
09 0d 10 0a 02 
09 0d 10 0a 0c 
09 0d 10 0a 0e 
09 0d 10 0a 18 
09 0d 10 0a 1e 
09 0d 10 0a 20 
09 0d 10 0b 00 
09 0d 10 0b 01 
09 0d 10 0b 02 
09 0d 10 0b 0e 
09 0d 10 0b 18 
09 0d 10 0c 02 
09 0d 10 0c 0c 
09 0d 10 0c 0e 
09 0d 10 0c 16 
09 0d 10 0c 18 
09 0d 10 0c 19 
09 0d 10 0c 1e 
09 0d 10 13 02 
09 0d 10 13 0c 
09 0d 10 13 0e 
09 0d 10 13 13 
09 0d 10 13 16 
09 0d 10 13 17 
09 0d 10 13 20 
09 0d 10 15 0f 
09 0d 10 15 18 
09 0d 10 15 19 
09 0d 10 15 1f 
09 0d 10 15 20 
09 0d 10 16 01 
09 0d 10 16 02 
09 0d 10 16 08 
09 0d 10 16 0e 
09 0d 10 16 0f 
09 0d 10 16 18 
09 0d 10 16 19 
09 0d 10 16 1e 
09 0d 10 16 27 
09 0d 10 1b 02 
09 0d 10 1b 0e 
09 0d 10 1b 0f 
09 0d 10 1b 12 
09 0d 10 1b 16 
09 0d 10 1b 17 
09 0d 10 1b 18 
09 0d 10 1b 19 
09 0d 10 1b 1e 
09 0d 10 1c 19 
09 0d 10 1c 1f 
09 0d 10 24 02 
09 0d 10 24 0c 
09 0d 10 24 0e 
09 0d 10 24 13 
09 0d 10 24 20 
09 0d 10 25 18 
09 0d 10 25 1f 
09 0d 10 
09 0d 11 0a 17 
09 0d 11 13 17 
09 0d 11 13 1f 
09 0d 11 1b 14 
09 0d 11 1b 17 
09 0d 11 1b 1f 
09 0d 11 1b 27 
09 0d 11 1d 17 
09 0d 16 02 00 
09 0d 16 0a 01 
09 0d 16 0a 08 
09 0d 16 13 00 
09 0d 16 13 10 
09 0d 16 13 27 
09 0d 16 14 27 
09 0d 16 1b 01 
09 0d 16 1b 10 
09 0d 16 1d 18 
09 0d 16 1d 1f 
09 0d 16 24 00 
09 0d 17 02 10 
09 0d 17 09 00 
09 0d 17 09 01 
09 0d 17 09 10 
09 0d 17 09 27 
09 0d 17 0a 00 
09 0d 17 0b 27 
09 0d 17 0c 27 
09 0d 17 13 11 
09 0d 17 15 19 
09 0d 17 1b 00 
09 0d 17 1b 01 
09 0d 17 1b 11 
09 0d 17 1b 1f 
09 0d 17 1b 27 
09 0d 17 24 19 
09 0d 18 02 0e 
09 0d 18 02 10 
09 0d 18 03 10 
09 0d 18 03 11 
09 0d 18 09 00 
09 0d 18 09 0e 
09 0d 18 09 10 
09 0d 18 09 20 
09 0d 18 0a 00 
09 0d 18 0a 1d 
09 0d 18 0b 00 
09 0d 18 0b 10 
09 0d 18 0b 26 
09 0d 18 0c 10 
09 0d 18 15 0e 
09 0d 18 15 20 
09 0d 18 1b 10 
09 0d 18 1b 12 
09 0d 18 1d 17 
09 0d 18 24 0e 
09 0d 18 24 1a 
09 0d 19 02 10 
09 0d 19 03 00 
09 0d 19 03 02 
09 0d 19 03 10 
09 0d 19 09 01 
09 0d 19 0a 01 
09 0d 19 0a 10 
09 0d 19 0c 10 
09 0d 19 0c 27 
09 0d 19 13 1e 
09 0d 19 15 01 
09 0d 19 15 10 
09 0d 19 15 17 
09 0d 19 1b 08 
09 0d 19 1b 10 
09 0d 19 1b 12 
09 0d 19 1c 02 
09 0d 19 24 17 
09 0d 1f 02 19 
09 0d 1f 02 26 
09 0d 1f 03 10 
09 0d 1f 09 02 
09 0d 1f 09 0f 
09 0d 1f 09 19 
09 0d 1f 09 26 
09 0d 1f 0a 02 
09 0d 1f 0b 19 
09 0d 1f 0c 00 
09 0d 1f 0c 17 
09 0d 1f 0c 19 
09 0d 1f 0c 1a 
09 0d 1f 0c 26 
09 0d 1f 13 11 
09 0d 1f 13 19 
09 0d 1f 13 1c 
09 0d 1f 15 0e 
09 0d 1f 16 10 
09 0d 1f 16 19 
09 0d 1f 1b 11 
09 0d 1f 1b 17 
09 0d 1f 1c 16 
09 0d 1f 1d 10 
09 0d 1f 24 19 
09 0d 1f 24 20 
09 0d 1f 24 26 
09 0d 1f 25 10 
09 0d 20 03 1f 
09 0d 20 09 00 
09 0d 20 09 08 
09 0d 20 09 10 
09 0d 20 09 18 
09 0d 20 0a 00 
09 0d 20 0a 10 
09 0d 20 0a 18 
09 0d 20 0a 27 
09 0d 20 0b 10 
09 0d 20 15 00 
09 0d 20 15 08 
09 0d 20 15 18 
09 0d 20 1d 
09 0d 20 24 10 
09 0d 20 24 1f 
09 0d 27 02 00 
09 0d 27 02 08 
09 0d 27 02 0e 
09 0d 27 02 0f 
09 0d 27 02 10 
09 0d 27 02 22 
09 0d 27 09 0e 
09 0d 27 09 0f 
09 0d 27 09 17 
09 0d 27 09 20 
09 0d 27 09 22 
09 0d 27 0a 21 
09 0d 27 0b 01 
09 0d 27 0b 17 
09 0d 27 13 02 
09 0d 27 13 10 
09 0d 27 13 16 
09 0d 27 13 18 
09 0d 27 13 22 
09 0d 27 15 01 
09 0d 27 15 08 
09 0d 27 15 16 
09 0d 27 16 08 
09 0d 27 16 0f 
09 0d 27 1b 11 
09 0d 27 1b 17 
09 0d 27 1d 10 
09 0d 27 24 24 
09 0d 27 25 18 
09 13 00 03 18 
09 13 00 03 27 
09 13 00 0a 0d 
09 13 00 0a 0e 
09 13 00 0a 10 
09 13 00 0a 17 
09 13 00 0a 1f 
09 13 00 0a 20 
09 13 00 0b 0e 
09 13 00 0b 27 
09 13 00 10 16 
09 13 00 10 18 
09 13 00 10 1f 
09 13 00 10 20 
09 13 00 15 10 
09 13 00 15 27 
09 13 00 16 10 
09 13 00 16 16 
09 13 00 16 17 
09 13 00 16 20 
09 13 00 17 08 
09 13 00 17 0e 
09 13 00 17 10 
09 13 00 17 16 
09 13 00 17 18 
09 13 00 17 1f 
09 13 00 17 20 
09 13 00 17 27 
09 13 00 1b 10 
09 13 00 1b 1f 
09 13 00 1d 10 
09 13 00 1d 27 
09 13 00 1e 0e 
09 13 00 1e 10 
09 13 00 1e 1f 
09 13 00 1e 20 
09 13 00 24 17 
09 13 00 24 1f 
09 13 00 25 10 
09 13 00 25 16 
09 13 00 25 1f 
09 13 00 
09 13 01 04 06 
09 13 01 04 18 
09 13 01 0a 00 
09 13 01 0a 07 
09 13 01 0a 18 
09 13 01 0a 19 
09 13 01 0b 06 
09 13 01 0b 18 
09 13 01 0b 19 
09 13 01 0c 00 
09 13 01 0d 00 
09 13 01 0d 06 
09 13 01 10 06 
09 13 01 10 0c 
09 13 01 16 18 
09 13 01 17 06 
09 13 01 1b 18 
09 13 01 1e 04 
09 13 01 1e 07 
09 13 02 04 1f 
09 13 02 0a 01 
09 13 02 0a 07 
09 13 02 0a 1f 
09 13 02 0a 20 
09 13 02 0b 18 
09 13 02 0d 17 
09 13 02 0d 27 
09 13 02 17 1f 
09 13 02 1d 10 
09 13 02 1d 18 
09 13 02 1d 1f 
09 13 02 1e 00 
09 13 02 1e 0f 
09 13 02 1e 19 
09 13 02 1e 1f 
09 13 0c 04 
09 13 0c 14 
09 13 0c 17 01 
09 13 0c 17 10 
09 13 0c 17 27 
09 13 0d 04 
09 13 0d 0a 00 
09 13 0e 03 18 
09 13 0e 0a 10 
09 13 0e 0a 18 
09 13 0e 0b 10 
09 13 0e 0b 18 
09 13 0e 10 01 
09 13 0e 10 27 
09 13 0e 16 11 
09 13 0e 17 10 
09 13 0e 17 18 
09 13 0e 17 27 
09 13 0e 1e 17 
09 13 0e 1e 18 
09 13 0e 1e 1f 
09 13 0e 1e 27 
09 13 0f 03 10 
09 13 0f 03 27 
09 13 0f 0a 02 
09 13 0f 0a 1f 
09 13 0f 0a 20 
09 13 0f 0a 27 
09 13 0f 0c 00 
09 13 0f 0c 1f 
09 13 0f 0c 20 
09 13 0f 0d 02 
09 13 0f 0d 1f 
09 13 0f 0d 20 
09 13 0f 0d 27 
09 13 0f 10 1f 
09 13 0f 10 27 
09 13 0f 15 10 
09 13 0f 17 01 
09 13 0f 17 1f 
09 13 0f 17 27 
09 13 0f 1c 1f 
09 13 0f 1c 20 
09 13 0f 1e 02 
09 13 0f 1e 11 
09 13 0f 1e 19 
09 13 0f 1e 1f 
09 13 0f 1e 20 
09 13 0f 1e 27 
09 13 10 03 27 
09 13 10 0c 18 
09 13 10 0d 13 
09 13 10 0d 16 
09 13 10 0d 27 
09 13 10 10 08 
09 13 10 10 1f 
09 13 10 17 00 
09 13 10 17 01 
09 13 10 17 18 
09 13 10 1b 00 
09 13 11 0c 17 
09 13 11 0d 17 
09 13 11 0d 1f 
09 13 11 15 
09 13 11 16 0e 
09 13 11 1e 0f 
09 13 11 1e 17 
09 13 11 1e 1f 
09 13 11 1e 27 
09 13 16 03 27 
09 13 16 0a 11 
09 13 16 0a 1e 
09 13 16 0d 00 
09 13 16 0d 10 
09 13 16 0d 27 
09 13 16 1e 10 
09 13 16 1e 17 
09 13 17 04 18 
09 13 17 0c 10 
09 13 17 0d 11 
09 13 17 10 10 
09 13 17 17 00 
09 13 17 17 01 
09 13 17 17 10 
09 13 17 17 27 
09 13 17 1d 27 
09 13 17 1e 00 
09 13 17 1e 0e 
09 13 17 1e 11 
09 13 17 1e 14 
09 13 18 03 00 
09 13 18 03 0e 
09 13 18 03 11 
09 13 18 03 27 
09 13 18 0a 0e 
09 13 18 0a 10 
09 13 18 0a 1a 
09 13 18 0a 20 
09 13 18 0b 00 
09 13 18 0c 10 
09 13 18 0d 12 
09 13 18 0d 1a 
09 13 18 0d 27 
09 13 18 10 00 
09 13 18 1d 17 
09 13 18 1d 26 
09 13 18 1e 0e 
09 13 18 1e 0f 
09 13 18 1e 10 
09 13 18 1e 12 
09 13 18 1e 26 
09 13 19 04 
09 13 19 0a 01 
09 13 19 0a 1e 
09 13 19 0a 27 
09 13 19 0b 01 
09 13 19 0b 27 
09 13 19 0d 1e 
09 13 19 10 01 
09 13 19 10 27 
09 13 19 17 01 
09 13 19 1c 27 
09 13 19 1d 0f 
09 13 19 1e 02 
09 13 19 1e 0f 
09 13 1f 04 19 
09 13 1f 0a 00 
09 13 1f 0a 02 
09 13 1f 0a 19 
09 13 1f 0a 1c 
09 13 1f 0a 20 
09 13 1f 0c 19 
09 13 1f 0d 11 
09 13 1f 0d 19 
09 13 1f 0d 1c 
09 13 1f 10 0f 
09 13 1f 10 10 
09 13 1f 17 02 
09 13 1f 17 0f 
09 13 1f 17 19 
09 13 1f 17 26 
09 13 1f 1b 1a 
09 13 1f 1c 0f 
09 13 1f 1c 10 
09 13 1f 1c 1a 
09 13 1f 1e 02 
09 13 1f 1e 0e 
09 13 1f 1e 0f 
09 13 1f 1e 11 
09 13 1f 1e 20 
09 13 20 03 0f 
09 13 20 0a 00 
09 13 20 0a 02 
09 13 20 0a 0e 
09 13 20 0a 10 
09 13 20 0a 18 
09 13 20 0a 1f 
09 13 20 0a 26 
09 13 20 0c 27 
09 13 20 10 00 
09 13 20 16 08 
09 13 20 16 0f 
09 13 20 17 00 
09 13 20 17 08 
09 13 20 17 10 
09 13 20 17 18 
09 13 20 1e 00 
09 13 20 1e 0e 
09 13 20 1e 0f 
09 13 20 1e 10 
09 13 20 1e 1f 
09 13 27 03 0f 
09 13 27 03 10 
09 13 27 03 16 
09 13 27 03 18 
09 13 27 04 0f 
09 13 27 0a 19 
09 13 27 0a 24 
09 13 27 0b 19 
09 13 27 0d 02 
09 13 27 0d 10 
09 13 27 0d 16 
09 13 27 0d 18 
09 13 27 0d 22 
09 13 27 10 0e 
09 13 27 10 0f 
09 13 27 10 19 
09 13 27 15 08 
09 13 27 16 0f 
09 13 27 16 10 
09 13 27 17 0e 
09 13 27 17 0f 
09 13 27 17 17 
09 13 27 17 20 
09 13 27 17 22 
09 13 27 1c 0f 
09 13 27 1d 00 
09 13 27 1d 0f 
09 13 27 1d 17 
09 13 27 1e 0e 
09 13 27 1e 0f 
09 13 27 1e 11 
09 13 27 24 00 
09 13 27 25 20 
09 13 27 
09 14 00 03 20 
09 14 00 0a 16 
09 14 00 0a 17 
09 14 00 0a 18 
09 14 00 0a 20 
09 14 00 0a 27 
09 14 00 0c 17 
09 14 00 10 08 
09 14 00 10 0e 
09 14 00 10 10 
09 14 00 10 16 
09 14 00 10 18 
09 14 00 10 1f 
09 14 00 10 20 
09 14 00 10 27 
09 14 00 17 04 
09 14 00 17 10 
09 14 00 1b 16 
09 14 00 1b 27 
09 14 00 1c 16 
09 14 00 1e 16 
09 14 00 1e 19 
09 14 00 1e 20 
09 14 00 1e 27 
09 14 00 24 16 
09 14 00 24 17 
09 14 00 25 17 
09 14 01 10 0c 
09 14 01 10 0f 
09 14 01 10 17 
09 14 01 10 19 
09 14 01 15 0e 
09 14 01 17 06 
09 14 01 17 10 
09 14 02 10 1f 
09 14 02 17 1f 
09 14 02 25 
09 14 08 0b 
09 14 08 10 00 
09 14 08 15 1f 
09 14 08 15 27 
09 14 08 17 00 
09 14 08 17 27 
09 14 08 1d 
09 14 08 25 
09 14 0c 03 
09 14 0c 10 01 
09 14 0c 10 10 
09 14 0c 10 27 
09 14 0c 1d 
09 14 0c 25 
09 14 0d 03 
09 14 0d 0d 
09 14 0d 10 01 
09 14 0d 10 19 
09 14 0d 1e 20 
09 14 0e 03 
09 14 0e 0b 
09 14 0e 10 10 
09 14 0e 10 18 
09 14 0e 10 27 
09 14 0e 15 01 
09 14 0e 25 
09 14 0f 11 1f 
09 14 0f 15 10 
09 14 0f 15 1f 
09 14 0f 15 27 
09 14 0f 16 1f 
09 14 0f 1c 20 
09 14 0f 24 
09 14 11 16 
09 14 11 1c 
09 14 11 25 
09 14 16 0a 18 
09 14 16 14 27 
09 14 16 25 
09 14 17 0a 10 
09 14 17 0b 00 
09 14 17 0d 
09 14 17 10 00 
09 14 17 10 01 
09 14 17 10 10 
09 14 17 10 27 
09 14 17 14 00 
09 14 17 14 27 
09 14 17 17 1f 
09 14 17 17 27 
09 14 17 1b 10 
09 14 17 1c 10 
09 14 17 1e 10 
09 14 17 24 10 
09 14 18 0a 00 
09 14 18 0a 16 
09 14 18 0c 26 
09 14 18 10 00 
09 14 18 10 0e 
09 14 18 10 10 
09 14 18 10 20 
09 14 18 13 00 
09 14 18 13 1e 
09 14 18 1e 00 
09 14 19 10 01 
09 14 19 13 1f 
09 14 19 13 27 
09 14 19 17 27 
09 14 19 1e 00 
09 14 20 0a 00 
09 14 20 10 00 
09 14 20 10 08 
09 14 20 10 10 
09 14 20 10 18 
09 14 20 16 
09 14 20 1c 
09 14 20 1e 00 
09 14 20 25 
09 14 27 0a 20 
09 14 27 10 0e 
09 14 27 10 0f 
09 14 27 10 17 
09 14 27 10 20 
09 14 27 10 22 
09 14 27 15 08 
09 14 27 15 0f 
09 14 27 17 00 
09 14 27 17 08 
09 14 27 17 17 
09 14 27 17 19 
09 14 27 1e 00 
09 14 27 24 20 
09 15 00 03 1f 
09 15 00 03 20 
09 15 00 04 1f 
09 15 00 04 20 
09 15 00 0a 01 
09 15 00 0a 0c 
09 15 00 0a 19 
09 15 00 0a 1f 
09 15 00 0a 20 
09 15 00 0c 01 
09 15 00 0c 0d 
09 15 00 0c 19 
09 15 00 0c 1f 
09 15 00 0d 1f 
09 15 00 0d 20 
09 15 00 10 01 
09 15 00 10 11 
09 15 00 10 1f 
09 15 00 10 20 
09 15 00 11 00 
09 15 00 11 01 
09 15 00 11 0c 
09 15 00 11 19 
09 15 00 11 1f 
09 15 00 11 20 
09 15 00 12 00 
09 15 00 12 01 
09 15 00 12 03 
09 15 00 12 19 
09 15 00 12 1f 
09 15 00 12 20 
09 15 00 1b 03 
09 15 00 1b 0c 
09 15 00 1b 0e 
09 15 00 1b 20 
09 15 00 1d 20 
09 15 00 1e 01 
09 15 00 1e 20 
09 15 00 24 19 
09 15 00 24 1f 
09 15 00 24 20 
09 15 00 25 03 
09 15 00 25 0e 
09 15 00 25 11 
09 15 00 25 1f 
09 15 01 04 19 
09 15 01 0a 00 
09 15 01 0a 10 
09 15 01 0a 19 
09 15 01 0d 19 
09 15 01 10 00 
09 15 01 11 0c 
09 15 01 11 0f 
09 15 01 11 17 
09 15 01 11 19 
09 15 01 14 0e 
09 15 01 14 1f 
09 15 01 1b 0f 
09 15 01 1b 10 
09 15 01 1c 06 
09 15 01 1d 10 
09 15 01 1d 1f 
09 15 01 1e 0f 
09 15 01 1e 17 
09 15 01 25 0f 
09 15 02 0a 01 
09 15 02 10 00 
09 15 02 11 1f 
09 15 02 12 00 
09 15 02 12 01 
09 15 02 12 0f 
09 15 02 1b 00 
09 15 02 1b 07 
09 15 02 1b 17 
09 15 02 1d 00 
09 15 02 1d 01 
09 15 02 1d 10 
09 15 02 1d 17 
09 15 02 1d 1f 
09 15 02 1e 00 
09 15 02 1e 17 
09 15 02 25 00 
09 15 08 0c 18 
09 15 08 10 27 
09 15 08 11 00 
09 15 08 1d 16 
09 15 08 1e 18 
09 15 0c 0a 00 
09 15 0c 0a 10 
09 15 0c 11 01 
09 15 0c 11 10 
09 15 0c 11 27 
09 15 0c 1b 00 
09 15 0c 1b 1f 
09 15 0c 1b 27 
09 15 0c 1d 18 
09 15 0c 1e 08 
09 15 0c 1e 10 
09 15 0c 1e 1f 
09 15 0c 1e 27 
09 15 0d 1e 20 
09 15 0d 24 
09 15 0e 0a 18 
09 15 0e 0c 11 
09 15 0e 0d 18 
09 15 0e 11 10 
09 15 0e 11 18 
09 15 0e 11 27 
09 15 0e 1b 16 
09 15 0e 1b 18 
09 15 0e 1b 19 
09 15 0e 1c 1f 
09 15 0e 1d 27 
09 15 0e 1e 16 
09 15 0e 1e 19 
09 15 0e 1e 1f 
09 15 0e 1e 27 
09 15 0e 24 
09 15 0e 25 18 
09 15 0f 03 10 
09 15 0f 03 20 
09 15 0f 0a 18 
09 15 0f 0a 1f 
09 15 0f 0c 10 
09 15 0f 0c 1f 
09 15 0f 0d 18 
09 15 0f 10 00 
09 15 0f 10 27 
09 15 0f 11 01 
09 15 0f 11 1f 
09 15 0f 11 27 
09 15 0f 12 02 
09 15 0f 12 20 
09 15 0f 12 27 
09 15 0f 13 10 
09 15 0f 14 1f 
09 15 0f 1b 01 
09 15 0f 1b 1f 
09 15 0f 1b 20 
09 15 0f 1c 10 
09 15 0f 1e 01 
09 15 0f 1e 0a 
09 15 0f 1e 0d 
09 15 0f 1e 11 
09 15 0f 1e 1f 
09 15 0f 25 01 
09 15 0f 25 20 
09 15 10 0c 1f 
09 15 10 0d 19 
09 15 10 10 1f 
09 15 10 11 01 
09 15 10 11 0f 
09 15 10 13 
09 15 10 1b 01 
09 15 10 1d 01 
09 15 10 1d 15 
09 15 10 1d 18 
09 15 10 1d 1e 
09 15 10 1d 1f 
09 15 11 0a 1e 
09 15 11 0c 0e 
09 15 11 12 27 
09 15 11 14 
09 15 11 1c 
09 15 11 1d 17 
09 15 11 1e 0f 
09 15 11 24 0f 
09 15 11 24 14 
09 15 16 0a 11 
09 15 16 0b 00 
09 15 16 1b 0e 
09 15 16 1d 00 
09 15 16 1d 08 
09 15 16 1d 10 
09 15 16 1d 11 
09 15 16 1d 1f 
09 15 16 1e 0e 
09 15 17 04 19 
09 15 17 0a 1f 
09 15 17 0d 19 
09 15 17 11 00 
09 15 17 11 01 
09 15 17 11 10 
09 15 17 11 27 
09 15 17 12 00 
09 15 17 12 1e 
09 15 17 14 1f 
09 15 17 14 27 
09 15 17 1b 1f 
09 15 17 1d 00 
09 15 17 1d 11 
09 15 17 1d 1f 
09 15 17 1e 00 
09 15 17 1e 01 
09 15 18 03 1b 
09 15 18 0a 0e 
09 15 18 0a 10 
09 15 18 0a 1a 
09 15 18 0a 1d 
09 15 18 0a 20 
09 15 18 0c 08 
09 15 18 0c 0d 
09 15 18 0d 0e 
09 15 18 0d 20 
09 15 18 11 00 
09 15 18 11 0e 
09 15 18 11 10 
09 15 18 11 20 
09 15 18 12 1f 
09 15 18 1b 1f 
09 15 18 1d 02 
09 15 18 1d 12 
09 15 18 1d 16 
09 15 18 1d 26 
09 15 18 1e 0e 
09 15 18 1e 10 
09 15 18 1e 1a 
09 15 18 1e 20 
09 15 18 1e 26 
09 15 19 04 01 
09 15 19 04 17 
09 15 19 0a 00 
09 15 19 0a 01 
09 15 19 0a 10 
09 15 19 0c 00 
09 15 19 0d 01 
09 15 19 0d 10 
09 15 19 0d 17 
09 15 19 11 01 
09 15 19 12 27 
09 15 19 1b 0e 
09 15 19 1e 0e 
09 15 19 1e 26 
09 15 19 24 00 
09 15 19 24 0f 
09 15 19 24 12 
09 15 1f 0a 00 
09 15 1f 0a 17 
09 15 1f 0a 19 
09 15 1f 0a 1a 
09 15 1f 0a 26 
09 15 1f 0c 0e 
09 15 1f 0c 10 
09 15 1f 0c 19 
09 15 1f 0d 0e 
09 15 1f 10 10 
09 15 1f 10 19 
09 15 1f 11 02 
09 15 1f 11 0f 
09 15 1f 11 19 
09 15 1f 11 26 
09 15 1f 1b 0c 
09 15 1f 1b 0f 
09 15 1f 1b 17 
09 15 1f 1c 0f 
09 15 1f 1e 00 
09 15 1f 1e 0c 
09 15 1f 1e 0f 
09 15 1f 1e 20 
09 15 1f 1e 26 
09 15 1f 24 0f 
09 15 20 03 0f 
09 15 20 04 00 
09 15 20 04 08 
09 15 20 0a 00 
09 15 20 0a 10 
09 15 20 0a 18 
09 15 20 0b 0e 
09 15 20 0c 08 
09 15 20 0d 00 
09 15 20 0d 08 
09 15 20 0d 18 
09 15 20 11 00 
09 15 20 11 08 
09 15 20 11 10 
09 15 20 11 18 
09 15 20 12 00 
09 15 20 13 00 
09 15 20 14 
09 15 20 1b 00 
09 15 20 1b 08 
09 15 20 1b 0f 
09 15 20 1c 
09 15 20 1e 00 
09 15 20 1e 08 
09 15 20 1e 0e 
09 15 20 1e 0f 
09 15 20 1e 10 
09 15 20 1e 1f 
09 15 20 24 00 
09 15 27 0a 0c 
09 15 27 0d 0c 
09 1b 00 03 10 
09 1b 00 0b 0e 
09 1b 00 0b 10 
09 1b 00 0b 20 
09 1b 00 0b 27 
09 1b 00 0c 10 
09 1b 00 0c 1f 
09 1b 00 12 16 
09 1b 00 12 18 
09 1b 00 12 1f 
09 1b 00 12 20 
09 1b 00 13 10 
09 1b 00 13 1f 
09 1b 00 14 16 
09 1b 00 14 27 
09 1b 00 15 08 
09 1b 00 15 10 
09 1b 00 15 16 
09 1b 00 15 17 
09 1b 00 15 1f 
09 1b 00 1c 0e 
09 1b 00 1c 10 
09 1b 00 1c 1f 
09 1b 00 1c 20 
09 1b 00 1d 0e 
09 1b 00 1d 10 
09 1b 00 1e 0e 
09 1b 00 1e 10 
09 1b 00 1e 1f 
09 1b 00 1f 08 
09 1b 00 1f 0e 
09 1b 00 1f 10 
09 1b 00 1f 16 
09 1b 00 1f 18 
09 1b 00 1f 1f 
09 1b 00 1f 20 
09 1b 00 1f 27 
09 1b 00 25 10 
09 1b 00 26 10 
09 1b 00 26 16 
09 1b 00 26 17 
09 1b 00 26 18 
09 1b 00 26 19 
09 1b 00 26 1f 
09 1b 00 26 20 
09 1b 01 04 10 
09 1b 01 04 27 
09 1b 01 0b 0e 
09 1b 01 0d 17 
09 1b 01 12 0e 
09 1b 01 12 19 
09 1b 01 13 0e 
09 1b 01 13 10 
09 1b 01 13 19 
09 1b 01 13 27 
09 1b 01 15 0f 
09 1b 01 15 10 
09 1b 01 1d 0c 
09 1b 01 1e 10 
09 1b 01 1f 0c 
09 1b 01 1f 0f 
09 1b 01 1f 17 
09 1b 01 1f 19 
09 1b 01 26 0f 
09 1b 01 26 18 
09 1b 01 26 19 
09 1b 01 26 27 
09 1b 01 
09 1b 02 03 10 
09 1b 02 04 00 
09 1b 02 04 10 
09 1b 02 04 19 
09 1b 02 0d 10 
09 1b 02 0d 17 
09 1b 02 15 00 
09 1b 02 15 07 
09 1b 02 15 17 
09 1b 02 1c 00 
09 1b 02 1c 0f 
09 1b 02 1c 19 
09 1b 02 1c 1f 
09 1b 02 1d 10 
09 1b 02 1e 17 
09 1b 02 1f 1f 
09 1b 02 25 10 
09 1b 02 26 10 
09 1b 02 26 19 
09 1b 02 26 1f 
09 1b 02 26 27 
09 1b 08 0b 10 
09 1b 08 0d 19 
09 1b 08 12 10 
09 1b 08 1d 19 
09 1b 08 1e 18 
09 1b 08 1e 20 
09 1b 08 1f 00 
09 1b 08 1f 20 
09 1b 0c 04 
09 1b 0c 15 00 
09 1b 0c 15 1f 
09 1b 0c 15 27 
09 1b 0c 1c 10 
09 1b 0c 1c 27 
09 1b 0c 1d 01 
09 1b 0c 1d 10 
09 1b 0c 1f 01 
09 1b 0c 1f 10 
09 1b 0c 1f 27 
09 1b 0c 26 10 
09 1b 0c 26 27 
09 1b 0d 04 
09 1b 0d 0c 
09 1b 0e 0b 10 
09 1b 0e 0d 10 
09 1b 0e 12 01 
09 1b 0e 12 27 
09 1b 0e 15 16 
09 1b 0e 15 18 
09 1b 0e 15 19 
09 1b 0e 1c 10 
09 1b 0e 1e 1f 
09 1b 0e 1e 27 
09 1b 0e 1f 10 
09 1b 0e 1f 18 
09 1b 0e 1f 27 
09 1b 0e 25 00 
09 1b 0e 26 10 
09 1b 0f 03 10 
09 1b 0f 0c 10 
09 1b 0f 0c 1f 
09 1b 0f 0d 1f 
09 1b 0f 0d 27 
09 1b 0f 12 1f 
09 1b 0f 12 27 
09 1b 0f 15 01 
09 1b 0f 15 1f 
09 1b 0f 15 20 
09 1b 0f 1c 1f 
09 1b 0f 1c 27 
09 1b 0f 1d 1f 
09 1b 0f 1e 01 
09 1b 0f 1e 0d 
09 1b 0f 1e 11 
09 1b 0f 1e 1f 
09 1b 0f 1e 27 
09 1b 0f 1f 01 
09 1b 0f 1f 1f 
09 1b 0f 1f 27 
09 1b 0f 25 10 
09 1b 0f 26 01 
09 1b 0f 26 1f 
09 1b 0f 26 27 
09 1b 10 03 1f 
09 1b 10 03 27 
09 1b 10 04 0e 
09 1b 10 04 19 
09 1b 10 04 1e 
09 1b 10 0c 00 
09 1b 10 0c 0d 
09 1b 10 0c 13 
09 1b 10 0c 15 
09 1b 10 0c 19 
09 1b 10 0c 1e 
09 1b 10 0c 27 
09 1b 10 0d 02 
09 1b 10 0d 0e 
09 1b 10 0d 0f 
09 1b 10 0d 12 
09 1b 10 0d 16 
09 1b 10 0d 17 
09 1b 10 0d 18 
09 1b 10 0d 19 
09 1b 10 0d 1e 
09 1b 10 12 00 
09 1b 10 12 02 
09 1b 10 12 0c 
09 1b 10 12 0e 
09 1b 10 12 16 
09 1b 10 12 18 
09 1b 10 12 19 
09 1b 10 12 1e 
09 1b 10 12 20 
09 1b 10 13 00 
09 1b 10 13 02 
09 1b 10 13 1f 
09 1b 10 13 27 
09 1b 10 15 02 
09 1b 10 15 0c 
09 1b 10 15 16 
09 1b 10 15 18 
09 1b 10 15 1e 
09 1b 10 15 20 
09 1b 10 1c 00 
09 1b 10 1c 02 
09 1b 10 1c 11 
09 1b 10 1c 18 
09 1b 10 1c 20 
09 1b 10 1d 02 
09 1b 10 1d 0c 
09 1b 10 1d 18 
09 1b 10 1d 19 
09 1b 10 1d 1e 
09 1b 10 1d 20 
09 1b 10 1e 00 
09 1b 10 1e 02 
09 1b 10 1e 0c 
09 1b 10 1e 0e 
09 1b 10 1e 0f 
09 1b 10 1e 11 
09 1b 10 1e 16 
09 1b 10 1e 1e 
09 1b 10 1e 20 
09 1b 10 1f 00 
09 1b 10 1f 02 
09 1b 10 1f 0c 
09 1b 10 1f 0e 
09 1b 10 1f 16 
09 1b 10 1f 18 
09 1b 10 1f 1e 
09 1b 10 1f 20 
09 1b 10 25 1f 
09 1b 10 25 27 
09 1b 10 26 00 
09 1b 10 26 02 
09 1b 10 26 0c 
09 1b 10 26 0e 
09 1b 10 26 16 
09 1b 10 26 18 
09 1b 10 26 19 
09 1b 10 26 1e 
09 1b 10 26 20 
09 1b 10 
09 1b 11 04 
09 1b 11 0d 14 
09 1b 11 0d 17 
09 1b 11 0d 1f 
09 1b 11 0d 27 
09 1b 11 1c 0f 
09 1b 11 1c 17 
09 1b 11 1c 1f 
09 1b 11 1c 27 
09 1b 11 1e 17 
09 1b 16 03 
09 1b 16 04 
09 1b 16 0d 01 
09 1b 16 0d 10 
09 1b 16 15 0e 
09 1b 16 1c 10 
09 1b 16 1c 17 
09 1b 16 1e 01 
09 1b 16 1e 10 
09 1b 17 0b 27 
09 1b 17 0d 00 
09 1b 17 0d 01 
09 1b 17 0d 11 
09 1b 17 0d 1f 
09 1b 17 0d 27 
09 1b 17 12 10 
09 1b 17 14 10 
09 1b 17 15 1f 
09 1b 17 1c 00 
09 1b 17 1c 0e 
09 1b 17 1c 11 
09 1b 17 1c 14 
09 1b 17 1e 11 
09 1b 17 1f 00 
09 1b 17 1f 01 
09 1b 17 1f 10 
09 1b 17 1f 27 
09 1b 17 26 10 
09 1b 18 0d 10 
09 1b 18 15 0e 
09 1b 18 15 1e 
09 1b 18 1c 0e 
09 1b 18 1c 10 
09 1b 18 1c 12 
09 1b 18 1c 1d 
09 1b 18 1d 10 
09 1b 18 1e 10 
09 1b 18 1e 1d 
09 1b 19 04 10 
09 1b 19 0c 10 
09 1b 19 0d 08 
09 1b 19 0d 10 
09 1b 19 0d 12 
09 1b 19 12 01 
09 1b 19 12 27 
09 1b 19 15 0e 
09 1b 19 1c 02 
09 1b 19 1c 0f 
09 1b 19 1d 10 
09 1b 19 1e 10 
09 1b 19 1f 01 
09 1b 19 26 00 
09 1b 19 26 01 
09 1b 19 26 02 
09 1b 19 26 10 
09 1b 19 26 27 
09 1b 1f 03 10 
09 1b 1f 04 00 
09 1b 1f 04 02 
09 1b 1f 04 0f 
09 1b 1f 0b 10 
09 1b 1f 0c 12 
09 1b 1f 0d 11 
09 1b 1f 0d 17 
09 1b 1f 12 0f 
09 1b 1f 12 10 
09 1b 1f 13 1a 
09 1b 1f 15 0c 
09 1b 1f 15 0f 
09 1b 1f 15 17 
09 1b 1f 1c 02 
09 1b 1f 1c 0e 
09 1b 1f 1c 0f 
09 1b 1f 1c 11 
09 1b 1f 1c 20 
09 1b 1f 1d 0f 
09 1b 1f 1e 26 
09 1b 1f 1f 02 
09 1b 1f 1f 0f 
09 1b 1f 1f 19 
09 1b 1f 1f 26 
09 1b 1f 25 10 
09 1b 1f 26 02 
09 1b 1f 26 0f 
09 1b 20 0b 00 
09 1b 20 12 00 
09 1b 20 15 00 
09 1b 20 15 08 
09 1b 20 15 0f 
09 1b 20 1c 00 
09 1b 20 1c 0e 
09 1b 20 1c 0f 
09 1b 20 1c 10 
09 1b 20 1c 1f 
09 1b 20 1d 10 
09 1b 20 1e 08 
09 1b 20 1e 0f 
09 1b 20 1e 10 
09 1b 20 1f 00 
09 1b 20 1f 08 
09 1b 20 1f 10 
09 1b 20 1f 18 
09 1b 20 26 00 
09 1b 20 26 0f 
09 1b 20 26 10 
09 1b 27 03 10 
09 1b 27 04 0f 
09 1b 27 04 10 
09 1b 27 0b 00 
09 1b 27 0b 10 
09 1b 27 0b 17 
09 1b 27 0c 10 
09 1b 27 0d 11 
09 1b 27 0d 17 
09 1b 27 12 0e 
09 1b 27 12 0f 
09 1b 27 12 19 
09 1b 27 15 01 
09 1b 27 15 0e 
09 1b 27 15 0f 
09 1b 27 15 19 
09 1b 27 1c 0e 
09 1b 27 1c 0f 
09 1b 27 1c 11 
09 1b 27 1e 0e 
09 1b 27 1e 0f 
09 1b 27 1e 10 
09 1b 27 1e 22 
09 1b 27 1f 0e 
09 1b 27 1f 0f 
09 1b 27 1f 17 
09 1b 27 1f 20 
09 1b 27 1f 22 
09 1b 27 25 10 
09 1b 27 26 01 
09 1b 27 26 02 
09 1b 27 26 0f 
09 1b 27 26 18 
09 1b 27 26 19 
09 1b 27 
09 1c 00 03 0e 
09 1c 00 03 10 
09 1c 00 0c 10 
09 1c 00 0c 1f 
09 1c 00 0c 20 
09 1c 00 14 16 
09 1c 00 18 08 
09 1c 00 18 0e 
09 1c 00 18 10 
09 1c 00 18 16 
09 1c 00 18 18 
09 1c 00 18 1f 
09 1c 00 18 20 
09 1c 00 18 27 
09 1c 00 19 0e 
09 1c 00 19 10 
09 1c 00 19 17 
09 1c 00 19 1f 
09 1c 00 19 27 
09 1c 00 1a 10 
09 1c 00 1e 0e 
09 1c 00 1e 10 
09 1c 00 1f 0f 
09 1c 00 1f 10 
09 1c 00 1f 11 
09 1c 00 1f 16 
09 1c 00 1f 18 
09 1c 00 1f 1f 
09 1c 00 1f 20 
09 1c 00 24 10 
09 1c 00 25 0c 
09 1c 00 25 0f 
09 1c 00 25 10 
09 1c 00 26 0e 
09 1c 00 26 10 
09 1c 01 03 10 
09 1c 01 15 06 
09 1c 01 18 0c 
09 1c 01 18 0f 
09 1c 01 18 17 
09 1c 01 18 19 
09 1c 01 19 10 
09 1c 01 19 16 
09 1c 01 19 1f 
09 1c 01 1a 10 
09 1c 01 1a 27 
09 1c 01 1e 0c 
09 1c 01 1f 0f 
09 1c 01 1f 17 
09 1c 01 25 1f 
09 1c 02 03 10 
09 1c 02 04 10 
09 1c 02 0c 19 
09 1c 02 0d 19 
09 1c 02 18 1f 
09 1c 02 19 1f 
09 1c 02 19 27 
09 1c 02 1a 10 
09 1c 02 1a 27 
09 1c 02 1e 10 
09 1c 02 1f 00 
09 1c 02 1f 17 
09 1c 02 24 10 
09 1c 02 25 10 
09 1c 08 18 00 
09 1c 08 1a 27 
09 1c 08 1f 18 
09 1c 08 25 1f 
09 1c 0c 0b 
09 1c 0c 0c 10 
09 1c 0c 18 01 
09 1c 0c 18 10 
09 1c 0c 18 27 
09 1c 0c 19 10 
09 1c 0c 19 27 
09 1c 0c 1e 01 
09 1c 0c 1e 10 
09 1c 0c 1f 08 
09 1c 0c 1f 10 
09 1c 0c 1f 1f 
09 1c 0c 1f 27 
09 1c 0c 24 10 
09 1c 0d 0d 
09 1c 0d 1f 20 
09 1c 0e 15 1f 
09 1c 0e 18 10 
09 1c 0e 18 18 
09 1c 0e 18 27 
09 1c 0e 19 20 
09 1c 0e 19 27 
09 1c 0e 1a 10 
09 1c 0e 1f 16 
09 1c 0e 1f 19 
09 1c 0e 1f 1f 
09 1c 0e 1f 27 
09 1c 0e 24 10 
09 1c 0e 25 00 
09 1c 0e 25 1f 
09 1c 0f 03 20 
09 1c 0f 0c 1f 
09 1c 0f 0d 10 
09 1c 0f 12 10 
09 1c 0f 13 1f 
09 1c 0f 13 20 
09 1c 0f 15 10 
09 1c 0f 18 01 
09 1c 0f 18 1f 
09 1c 0f 18 27 
09 1c 0f 19 10 
09 1c 0f 19 1f 
09 1c 0f 19 20 
09 1c 0f 19 27 
09 1c 0f 1a 1f 
09 1c 0f 1a 27 
09 1c 0f 1e 1f 
09 1c 0f 1f 01 
09 1c 0f 1f 0a 
09 1c 0f 1f 0d 
09 1c 0f 1f 11 
09 1c 0f 1f 1f 
09 1c 0f 24 10 
09 1c 0f 25 10 
09 1c 0f 26 10 
09 1c 10 03 00 
09 1c 10 03 01 
09 1c 10 03 0f 
09 1c 10 03 19 
09 1c 10 03 1e 
09 1c 10 03 20 
09 1c 10 04 19 
09 1c 10 0c 00 
09 1c 10 0c 0c 
09 1c 10 0c 0d 
09 1c 10 0c 16 
09 1c 10 0c 19 
09 1c 10 0c 1e 
09 1c 10 0d 19 
09 1c 10 0d 1f 
09 1c 10 12 00 
09 1c 10 12 19 
09 1c 10 13 00 
09 1c 10 13 02 
09 1c 10 13 20 
09 1c 10 15 0f 
09 1c 10 15 19 
09 1c 10 15 1e 
09 1c 10 18 00 
09 1c 10 18 02 
09 1c 10 18 0c 
09 1c 10 18 0e 
09 1c 10 18 16 
09 1c 10 18 18 
09 1c 10 18 1e 
09 1c 10 18 20 
09 1c 10 19 00 
09 1c 10 19 01 
09 1c 10 19 0f 
09 1c 10 19 12 
09 1c 10 19 18 
09 1c 10 19 19 
09 1c 10 19 1e 
09 1c 10 19 20 
09 1c 10 1a 00 
09 1c 10 1a 01 
09 1c 10 1a 02 
09 1c 10 1a 0e 
09 1c 10 1a 1e 
09 1c 10 1d 00 
09 1c 10 1d 01 
09 1c 10 1d 0c 
09 1c 10 1d 0f 
09 1c 10 1d 11 
09 1c 10 1d 15 
09 1c 10 1d 18 
09 1c 10 1d 20 
09 1c 10 1e 02 
09 1c 10 1e 0c 
09 1c 10 1e 18 
09 1c 10 1e 19 
09 1c 10 1e 1e 
09 1c 10 1e 20 
09 1c 10 1f 02 
09 1c 10 1f 0c 
09 1c 10 1f 11 
09 1c 10 1f 16 
09 1c 10 1f 18 
09 1c 10 1f 1e 
09 1c 10 1f 20 
09 1c 10 24 00 
09 1c 10 24 0c 
09 1c 10 24 0e 
09 1c 10 24 15 
09 1c 10 24 19 
09 1c 10 25 19 
09 1c 10 25 1e 
09 1c 10 26 00 
09 1c 10 26 19 
09 1c 16 19 01 
09 1c 16 19 27 
09 1c 16 1d 01 
09 1c 16 1d 10 
09 1c 16 1d 17 
09 1c 16 1d 1f 
09 1c 16 1d 27 
09 1c 16 1f 0e 
09 1c 17 0c 10 
09 1c 17 18 00 
09 1c 17 18 01 
09 1c 17 18 10 
09 1c 17 18 27 
09 1c 17 1d 01 
09 1c 17 1d 02 
09 1c 17 1d 11 
09 1c 17 1d 14 
09 1c 17 1d 27 
09 1c 17 1f 00 
09 1c 17 1f 01 
09 1c 17 26 
09 1c 19 03 10 
09 1c 19 04 10 
09 1c 19 0c 10 
09 1c 19 0d 02 
09 1c 19 0d 10 
09 1c 19 18 01 
09 1c 19 19 10 
09 1c 19 19 1f 
09 1c 19 1c 01 
09 1c 19 1c 0f 
09 1c 19 1e 10 
09 1c 19 1f 0e 
09 1c 19 1f 26 
09 1c 19 24 10 
09 1c 19 25 00 
09 1c 19 25 10 
09 1c 19 26 10 
09 1c 1f 0c 26 
09 1c 1f 0d 10 
09 1c 1f 13 0f 
09 1c 1f 18 02 
09 1c 1f 18 0f 
09 1c 1f 18 19 
09 1c 1f 18 26 
09 1c 1f 19 01 
09 1c 1f 19 02 
09 1c 1f 19 0f 
09 1c 1f 19 11 
09 1c 1f 19 18 
09 1c 1f 19 26 
09 1c 1f 1a 0f 
09 1c 1f 1a 26 
09 1c 1f 1a 27 
09 1c 1f 1c 0f 
09 1c 1f 1c 1b 
09 1c 1f 1e 0f 
09 1c 1f 1f 00 
09 1c 1f 1f 0c 
09 1c 1f 1f 0f 
09 1c 1f 1f 20 
09 1c 1f 1f 26 
09 1c 1f 24 12 
09 1c 1f 25 01 
09 1c 20 0c 00 
09 1c 20 14 
09 1c 20 15 
09 1c 20 18 00 
09 1c 20 18 08 
09 1c 20 18 10 
09 1c 20 18 18 
09 1c 20 1b 00 
09 1c 20 1b 0e 
09 1c 20 1b 0f 
09 1c 20 1b 10 
09 1c 20 1b 1f 
09 1c 20 1b 24 
09 1c 20 1e 10 
09 1c 20 1f 00 
09 1c 20 1f 08 
09 1c 20 1f 0e 
09 1c 20 1f 0f 
09 1c 20 1f 10 
09 1c 20 1f 1f 
09 1d 00 03 1f 
09 1d 00 04 01 
09 1d 00 04 0f 
09 1d 00 04 10 
09 1d 00 0c 1f 
09 1d 00 12 01 
09 1d 00 12 08 
09 1d 00 12 27 
09 1d 00 13 01 
09 1d 00 13 27 
09 1d 00 14 
09 1d 00 15 01 
09 1d 00 15 0f 
09 1d 00 15 1f 
09 1d 00 18 0f 
09 1d 00 19 00 
09 1d 00 19 10 
09 1d 00 1a 00 
09 1d 00 24 10 
09 1d 00 24 27 
09 1d 00 26 10 
09 1d 01 04 07 
09 1d 01 04 1f 
09 1d 01 0c 00 
09 1d 01 0d 16 
09 1d 01 12 06 
09 1d 01 12 10 
09 1d 01 13 06 
09 1d 01 13 19 
09 1d 01 13 1f 
09 1d 01 15 10 
09 1d 01 15 1f 
09 1d 01 18 10 
09 1d 01 19 0c 
09 1d 01 19 0f 
09 1d 01 19 17 
09 1d 01 19 19 
09 1d 01 1a 0f 
09 1d 01 1a 10 
09 1d 01 1c 0e 
09 1d 01 1c 0f 
09 1d 01 1c 10 
09 1d 01 1c 19 
09 1d 01 1c 1f 
09 1d 01 25 17 
09 1d 01 25 1f 
09 1d 02 03 1f 
09 1d 02 04 00 
09 1d 02 04 01 
09 1d 02 0b 10 
09 1d 02 0c 10 
09 1d 02 0d 10 
09 1d 02 0d 1f 
09 1d 02 12 1f 
09 1d 02 13 10 
09 1d 02 13 18 
09 1d 02 13 1f 
09 1d 02 15 00 
09 1d 02 15 01 
09 1d 02 15 10 
09 1d 02 15 17 
09 1d 02 15 1f 
09 1d 02 18 17 
09 1d 02 19 1f 
09 1d 02 1c 00 
09 1d 02 1c 07 
09 1d 02 1c 0e 
09 1d 02 1c 10 
09 1d 02 1c 19 
09 1d 02 1c 1f 
09 1d 02 24 1f 
09 1d 02 25 00 
09 1d 02 25 1f 
09 1d 02 26 18 
09 1d 02 26 19 
09 1d 08 04 11 
09 1d 08 04 16 
09 1d 08 0d 10 
09 1d 08 12 00 
09 1d 08 12 27 
09 1d 08 13 10 
09 1d 08 14 
09 1d 08 15 16 
09 1d 08 19 00 
09 1d 08 1a 1f 
09 1d 08 26 10 
09 1d 0c 04 18 
09 1d 0c 0b 
09 1d 0c 0c 10 
09 1d 0c 14 
09 1d 0c 15 18 
09 1d 0c 19 01 
09 1d 0c 19 10 
09 1d 0c 19 27 
09 1d 0c 1c 01 
09 1d 0c 1c 10 
09 1d 0c 26 10 
09 1d 0d 03 
09 1d 0d 14 
09 1d 0d 24 
09 1d 0e 03 
09 1d 0e 0b 
09 1d 0e 13 1f 
09 1d 0e 14 
09 1d 0e 15 09 
09 1d 0e 15 1f 
09 1d 0e 24 
09 1d 0f 04 00 
09 1d 0f 13 19 
09 1d 0f 13 27 
09 1d 0f 15 00 
09 1d 0f 18 00 
09 1d 0f 18 27 
09 1d 0f 19 01 
09 1d 0f 19 27 
09 1d 0f 1a 02 
09 1d 0f 1a 1f 
09 1d 0f 1c 1f 
09 1d 0f 25 10 
09 1d 10 03 0f 
09 1d 10 03 15 
09 1d 10 04 00 
09 1d 10 04 0f 
09 1d 10 04 13 
09 1d 10 04 20 
09 1d 10 0c 0c 
09 1d 10 0c 0f 
09 1d 10 0d 08 
09 1d 10 0d 12 
09 1d 10 0d 16 
09 1d 10 0d 1e 
09 1d 10 0d 27 
09 1d 10 12 08 
09 1d 10 12 0f 
09 1d 10 12 18 
09 1d 10 12 1e 
09 1d 10 13 0c 
09 1d 10 13 0f 
09 1d 10 15 00 
09 1d 10 15 0f 
09 1d 10 15 13 
09 1d 10 18 01 
09 1d 10 18 02 
09 1d 10 18 16 
09 1d 10 18 18 
09 1d 10 18 19 
09 1d 10 18 1e 
09 1d 10 18 20 
09 1d 10 18 27 
09 1d 10 19 00 
09 1d 10 19 0c 
09 1d 10 19 16 
09 1d 10 19 19 
09 1d 10 19 1f 
09 1d 10 1a 00 
09 1d 10 1a 02 
09 1d 10 1a 0d 
09 1d 10 1a 20 
09 1d 10 1b 00 
09 1d 10 1b 0f 
09 1d 10 1b 16 
09 1d 10 1b 19 
09 1d 10 1b 27 
09 1d 10 1c 02 
09 1d 10 1c 0c 
09 1d 10 1c 18 
09 1d 10 1c 19 
09 1d 10 1c 1e 
09 1d 10 1c 20 
09 1d 10 24 00 
09 1d 10 24 0c 
09 1d 10 24 13 
09 1d 10 25 02 
09 1d 10 25 12 
09 1d 10 26 00 
09 1d 10 26 0c 
09 1d 10 26 18 
09 1d 10 26 1e 
09 1d 10 
09 1d 11 04 08 
09 1d 11 04 1f 
09 1d 11 0d 17 
09 1d 11 15 17 
09 1d 11 18 17 
09 1d 11 1a 00 
09 1d 11 25 17 
09 1d 11 26 
09 1d 16 03 1f 
09 1d 16 04 08 
09 1d 16 04 10 
09 1d 16 04 11 
09 1d 16 04 1f 
09 1d 16 0d 18 
09 1d 16 0d 1f 
09 1d 16 15 00 
09 1d 16 15 08 
09 1d 16 15 10 
09 1d 16 15 11 
09 1d 16 15 1f 
09 1d 16 18 01 
09 1d 16 18 10 
09 1d 16 1a 0f 
09 1d 16 1a 11 
09 1d 16 25 10 
09 1d 16 25 1f 
09 1d 17 04 11 
09 1d 17 04 1f 
09 1d 17 0b 00 
09 1d 17 12 1f 
09 1d 17 12 27 
09 1d 17 13 27 
09 1d 17 15 00 
09 1d 17 15 11 
09 1d 17 15 1f 
09 1d 17 18 11 
09 1d 17 19 00 
09 1d 17 19 01 
09 1d 17 19 10 
09 1d 17 19 27 
09 1d 17 1b 10 
09 1d 18 03 1d 
09 1d 18 03 20 
09 1d 18 04 0c 
09 1d 18 0d 16 
09 1d 18 13 02 
09 1d 18 14 1d 
09 1d 18 15 0c 
09 1d 18 15 10 
09 1d 18 18 10 
09 1d 18 18 1d 
09 1d 18 19 27 
09 1d 18 1a 1d 
09 1d 18 1b 10 
09 1d 18 1b 1c 
09 1d 18 1b 27 
09 1d 18 1c 10 
09 1d 18 24 0c 
09 1d 19 12 27 
09 1d 19 13 0f 
09 1d 19 18 10 
09 1d 19 19 01 
09 1d 19 1a 00 
09 1d 19 1a 0f 
09 1d 19 1b 01 
09 1d 19 1b 0f 
09 1d 19 1c 10 
09 1d 19 24 0f 
09 1d 19 24 1f 
09 1d 19 24 27 
09 1d 19 26 02 
09 1d 19 26 27 
09 1d 1f 03 00 
09 1d 1f 03 02 
09 1d 1f 03 11 
09 1d 1f 03 12 
09 1d 1f 03 16 
09 1d 1f 03 26 
09 1d 1f 04 01 
09 1d 1f 04 11 
09 1d 1f 04 12 
09 1d 1f 04 16 
09 1d 1f 04 17 
09 1d 1f 04 26 
09 1d 1f 0d 02 
09 1d 1f 0d 16 
09 1d 1f 12 02 
09 1d 1f 12 17 
09 1d 1f 13 02 
09 1d 1f 13 0e 
09 1d 1f 15 00 
09 1d 1f 15 01 
09 1d 1f 15 02 
09 1d 1f 15 0e 
09 1d 1f 15 10 
09 1d 1f 15 12 
09 1d 1f 15 16 
09 1d 1f 15 17 
09 1d 1f 15 18 
09 1d 1f 15 26 
09 1d 1f 18 02 
09 1d 1f 18 0e 
09 1d 1f 18 11 
09 1d 1f 18 12 
09 1d 1f 18 16 
09 1d 1f 18 17 
09 1d 1f 18 1f 
09 1d 1f 18 20 
09 1d 1f 19 01 
09 1d 1f 19 02 
09 1d 1f 19 11 
09 1d 1f 19 12 
09 1d 1f 19 16 
09 1d 1f 19 18 
09 1d 1f 19 20 
09 1d 1f 1a 1f 
09 1d 1f 1c 0c 
09 1d 1f 24 02 
09 1d 1f 24 0f 
09 1d 1f 25 01 
09 1d 1f 25 02 
09 1d 1f 25 16 
09 1d 20 04 08 
09 1d 20 04 0f 
09 1d 20 04 10 
09 1d 20 0d 
09 1d 20 18 08 
09 1d 20 18 0f 
09 1d 20 18 10 
09 1d 20 19 00 
09 1d 20 19 08 
09 1d 20 19 10 
09 1d 20 19 18 
09 1d 20 1a 00 
09 1d 20 1a 0f 
09 1d 20 1a 10 
09 1d 20 1a 1f 
09 1d 20 1b 00 
09 1d 20 1c 10 
09 1d 20 25 27 
09 1d 20 26 
09 1d 27 0b 
09 1d 27 0d 10 
09 1d 27 12 00 
09 1d 27 12 08 
09 1d 27 12 17 
09 1d 27 12 19 
09 1d 27 13 00 
09 1d 27 13 0f 
09 1d 27 13 17 
09 1d 27 15 08 
09 1d 27 19 0e 
09 1d 27 19 0f 
09 1d 27 19 17 
09 1d 27 19 20 
09 1d 27 19 22 
09 1d 27 1a 08 
09 1d 27 1a 0f 
09 1d 27 1b 00 
09 1d 27 24 00 
09 1d 27 24 19 
09 1d 27 24 22 
09 1d 27 25 21 
09 1d 27 26 18 
09 1d 27 26 19 
09 24 00 03 0e 
09 24 00 03 10 
09 24 00 03 18 
09 24 00 03 1f 
09 24 00 0b 0e 
09 24 00 0b 10 
09 24 00 0c 10 
09 24 00 0c 17 
09 24 00 13 1f 
09 24 00 13 20 
09 24 00 13 27 
09 24 00 14 16 
09 24 00 14 17 
09 24 00 15 16 
09 24 00 15 17 
09 24 00 15 1f 
09 24 00 1a 0e 
09 24 00 1a 10 
09 24 00 1a 1f 
09 24 00 1a 20 
09 24 00 1b 10 
09 24 00 1b 19 
09 24 00 1b 1f 
09 24 00 1c 10 
09 24 00 1d 10 
09 24 00 1d 27 
09 24 00 20 08 
09 24 00 20 0e 
09 24 00 20 10 
09 24 00 20 16 
09 24 00 20 18 
09 24 00 20 1f 
09 24 00 20 20 
09 24 00 20 27 
09 24 00 25 0e 
09 24 00 25 0f 
09 24 00 25 10 
09 24 00 25 17 
09 24 00 25 27 
09 24 00 26 02 
09 24 00 26 0c 
09 24 00 26 0e 
09 24 00 26 10 
09 24 00 26 17 
09 24 00 26 1f 
09 24 00 26 20 
09 24 00 27 10 
09 24 00 27 16 
09 24 00 27 1f 
09 24 00 27 20 
09 24 01 04 19 
09 24 01 0b 06 
09 24 01 0c 00 
09 24 01 13 06 
09 24 01 13 07 
09 24 01 13 0c 
09 24 01 13 18 
09 24 01 15 00 
09 24 01 15 06 
09 24 01 15 18 
09 24 01 1a 04 
09 24 01 1a 07 
09 24 01 1b 04 
09 24 01 1c 06 
09 24 01 20 06 
09 24 01 26 18 
09 24 02 03 18 
09 24 02 03 19 
09 24 02 03 20 
09 24 02 13 00 
09 24 02 13 0f 
09 24 02 1a 00 
09 24 02 1a 0f 
09 24 02 1a 19 
09 24 02 1a 1f 
09 24 02 1b 10 
09 24 02 1b 1f 
09 24 02 1c 10 
09 24 02 1d 1f 
09 24 02 20 1f 
09 24 02 25 10 
09 24 02 25 19 
09 24 02 25 1f 
09 24 02 27 07 
09 24 02 27 1f 
09 24 0c 0d 10 
09 24 0c 13 01 
09 24 0c 13 27 
09 24 0c 1c 10 
09 24 0c 1d 10 
09 24 0c 1d 18 
09 24 0c 20 01 
09 24 0c 20 10 
09 24 0c 20 27 
09 24 0c 24 10 
09 24 0c 25 
09 24 0c 26 10 
09 24 0c 27 10 
09 24 0c 27 27 
09 24 0d 04 
09 24 0e 03 18 
09 24 0e 04 10 
09 24 0e 04 18 
09 24 0e 04 20 
09 24 0e 0b 1f 
09 24 0e 0b 27 
09 24 0e 0c 10 
09 24 0e 0c 18 
09 24 0e 0c 20 
09 24 0e 0d 10 
09 24 0e 0d 18 
09 24 0e 0d 20 
09 24 0e 13 11 
09 24 0e 13 27 
09 24 0e 1a 17 
09 24 0e 1a 18 
09 24 0e 1a 1f 
09 24 0e 1a 27 
09 24 0e 1c 10 
09 24 0e 20 10 
09 24 0e 20 18 
09 24 0e 20 27 
09 24 0e 24 10 
09 24 0e 26 18 
09 24 0e 26 27 
09 24 0e 27 01 
09 24 0e 27 1f 
09 24 0e 27 27 
09 24 0f 03 27 
09 24 0f 0c 19 
09 24 0f 0c 1f 
09 24 0f 0c 20 
09 24 0f 0d 02 
09 24 0f 0d 1f 
09 24 0f 0d 27 
09 24 0f 13 02 
09 24 0f 13 27 
09 24 0f 15 11 
09 24 0f 15 19 
09 24 0f 15 1f 
09 24 0f 15 20 
09 24 0f 1a 02 
09 24 0f 1a 11 
09 24 0f 1a 19 
09 24 0f 1a 1f 
09 24 0f 1a 20 
09 24 0f 1a 27 
09 24 0f 1c 10 
09 24 0f 20 01 
09 24 0f 20 1f 
09 24 0f 20 27 
09 24 0f 24 1f 
09 24 0f 24 27 
09 24 0f 25 10 
09 24 0f 26 20 
09 24 0f 27 18 
09 24 0f 27 1f 
09 24 0f 27 27 
09 24 10 03 00 
09 24 10 03 0f 
09 24 10 03 13 
09 24 10 03 18 
09 24 10 04 0e 
09 24 10 04 18 
09 24 10 0c 00 
09 24 10 0c 0d 
09 24 10 0c 0e 
09 24 10 0c 16 
09 24 10 0c 18 
09 24 10 0c 1e 
09 24 10 0c 20 
09 24 10 0d 02 
09 24 10 0d 0c 
09 24 10 0d 0e 
09 24 10 0d 13 
09 24 10 0d 20 
09 24 10 13 00 
09 24 10 13 0e 
09 24 10 13 1e 
09 24 10 15 0e 
09 24 10 15 16 
09 24 10 15 1e 
09 24 10 15 20 
09 24 10 1a 00 
09 24 10 1a 02 
09 24 10 1a 11 
09 24 10 1a 18 
09 24 10 1a 20 
09 24 10 1b 00 
09 24 10 1b 02 
09 24 10 1b 1f 
09 24 10 1b 27 
09 24 10 1c 00 
09 24 10 1c 0c 
09 24 10 1c 0e 
09 24 10 1c 15 
09 24 10 1c 19 
09 24 10 20 00 
09 24 10 20 02 
09 24 10 20 0c 
09 24 10 20 0e 
09 24 10 20 16 
09 24 10 20 18 
09 24 10 20 1e 
09 24 10 20 20 
09 24 10 26 0c 
09 24 10 26 12 
09 24 10 26 15 
09 24 10 26 19 
09 24 10 26 1e 
09 24 10 26 20 
09 24 10 27 00 
09 24 10 27 0c 
09 24 10 27 16 
09 24 10 27 1e 
09 24 11 03 1f 
09 24 11 13 0e 
09 24 11 15 0f 
09 24 11 15 14 
09 24 11 1a 0f 
09 24 11 1a 17 
09 24 11 1a 1f 
09 24 11 1a 27 
09 24 11 26 00 
09 24 16 03 1f 
09 24 16 04 
09 24 16 0d 00 
09 24 16 1a 10 
09 24 16 1a 17 
09 24 16 26 00 
09 24 17 04 18 
09 24 17 0c 10 
09 24 17 0d 19 
09 24 17 13 00 
09 24 17 14 10 
09 24 17 1a 00 
09 24 17 1a 0e 
09 24 17 1a 11 
09 24 17 1a 14 
09 24 17 20 00 
09 24 17 20 01 
09 24 17 20 10 
09 24 17 20 27 
09 24 17 26 10 
09 24 17 27 00 
09 24 17 27 10 
09 24 18 03 02 
09 24 18 03 0e 
09 24 18 03 10 
09 24 18 03 11 
09 24 18 03 1e 
09 24 18 03 27 
09 24 18 04 10 
09 24 18 0b 00 
09 24 18 0c 0e 
09 24 18 0c 10 
09 24 18 0c 12 
09 24 18 0c 1e 
09 24 18 0d 0e 
09 24 18 0d 1a 
09 24 18 1a 0e 
09 24 18 1a 0f 
09 24 18 1a 10 
09 24 18 1a 12 
09 24 18 1a 26 
09 24 18 1d 12 
09 24 18 1d 17 
09 24 18 1d 1e 
09 24 18 1d 26 
09 24 18 20 00 
09 24 18 20 0e 
09 24 18 20 10 
09 24 18 20 20 
09 24 18 25 
09 24 18 26 0e 
09 24 18 26 20 
09 24 19 03 02 
09 24 19 03 1f 
09 24 19 03 27 
09 24 19 0c 1f 
09 24 19 0d 17 
09 24 19 13 27 
09 24 19 15 00 
09 24 19 15 0f 
09 24 19 15 12 
09 24 19 1a 02 
09 24 19 1a 0f 
09 24 19 1b 00 
09 24 19 1c 0f 
09 24 19 1c 27 
09 24 19 1d 0f 
09 24 19 1d 1f 
09 24 19 1d 27 
09 24 19 20 01 
09 24 19 25 
09 24 19 26 10 
09 24 1f 03 16 
09 24 1f 03 26 
09 24 1f 04 02 
09 24 1f 04 0f 
09 24 1f 04 19 
09 24 1f 04 26 
09 24 1f 0c 18 
09 24 1f 0c 19 
09 24 1f 0c 26 
09 24 1f 0d 19 
09 24 1f 0d 20 
09 24 1f 0d 26 
09 24 1f 13 20 
09 24 1f 15 0f 
09 24 1f 1a 02 
09 24 1f 1a 0e 
09 24 1f 1a 0f 
09 24 1f 1a 11 
09 24 1f 1a 20 
09 24 1f 1b 02 
09 24 1f 1b 10 
09 24 1f 1c 02 
09 24 1f 1c 0f 
09 24 1f 1c 20 
09 24 1f 1d 02 
09 24 1f 20 02 
09 24 1f 20 0f 
09 24 1f 20 19 
09 24 1f 20 26 
09 24 1f 26 0e 
09 24 1f 26 12 
09 24 1f 27 00 
09 24 1f 27 02 
09 24 1f 27 0f 
09 24 1f 27 19 
09 24 20 03 0f 
09 24 20 03 1f 
09 24 20 0c 10 
09 24 20 0d 10 
09 24 20 0d 1f 
09 24 20 13 00 
09 24 20 13 0e 
09 24 20 13 1f 
09 24 20 15 00 
09 24 20 1a 00 
09 24 20 1a 0e 
09 24 20 1a 0f 
09 24 20 1a 10 
09 24 20 1a 1f 
09 24 20 20 00 
09 24 20 20 08 
09 24 20 20 10 
09 24 20 20 18 
09 24 20 26 0f 
09 24 20 26 10 
09 24 20 26 18 
09 24 20 27 00 
09 24 27 03 00 
09 24 27 03 0f 
09 24 27 03 18 
09 24 27 03 19 
09 24 27 04 0f 
09 24 27 04 10 
09 24 27 0c 24 
09 24 27 0d 24 
09 24 27 13 0e 
09 24 27 13 0f 
09 24 27 13 19 
09 24 27 13 24 
09 24 27 14 20 
09 24 27 15 0f 
09 24 27 15 11 
09 24 27 15 18 
09 24 27 15 19 
09 24 27 1a 0e 
09 24 27 1a 0f 
09 24 27 1a 11 
09 24 27 1b 00 
09 24 27 1b 10 
09 24 27 1c 0f 
09 24 27 1c 22 
09 24 27 1d 00 
09 24 27 1d 19 
09 24 27 1d 22 
09 24 27 20 0e 
09 24 27 20 0f 
09 24 27 20 17 
09 24 27 20 20 
09 24 27 20 22 
09 24 27 26 0f 
09 24 27 27 00 
09 24 27 27 01 
09 24 27 27 0e 
09 24 27 27 0f 
09 24 27 27 22 
09 24 27 
09 25 00 1a 1f 
09 25 00 1b 0e 
09 25 00 1c 0e 
09 25 00 1c 19 
09 25 00 20 01 
09 25 00 20 0e 
09 25 00 20 19 
09 25 00 21 00 
09 25 00 21 0e 
09 25 00 21 17 
09 25 00 21 19 
09 25 00 21 1f 
09 25 00 22 18 
09 25 00 23 10 
09 25 01 04 07 
09 25 01 0b 0e 
09 25 01 13 18 
09 25 01 13 27 
09 25 01 15 0f 
09 25 01 1a 07 
09 25 01 1a 10 
09 25 01 1a 19 
09 25 01 1c 1f 
09 25 01 1d 17 
09 25 01 1d 1f 
09 