11 03 00 00 08 
11 03 00 01 08 
11 03 00 02 1f 
11 03 00 02 20 
11 03 00 05 08 
11 03 00 13 1f 
11 03 00 1b 1f 
11 03 00 1c 1f 
11 03 00 25 1f 
11 03 01 01 00 
11 03 01 0b 
11 03 08 00 00 
11 03 08 00 01 
11 03 08 00 14 
11 03 08 00 17 
11 03 08 00 19 
11 03 08 00 27 
11 03 08 01 00 
11 03 08 01 17 
11 03 08 01 19 
11 03 08 02 01 
11 03 08 02 17 
11 03 08 02 19 
11 03 08 06 1e 
11 03 08 07 1e 
11 03 08 0e 1f 
11 03 08 1c 
11 03 09 01 18 
11 03 09 01 27 
11 03 09 24 1f 
11 03 0a 02 
11 03 0a 13 
11 03 0a 1b 
11 03 0a 1c 
11 03 0a 24 
11 03 0f 00 10 
11 03 0f 01 18 
11 03 0f 07 10 
11 03 0f 1b 09 
11 03 10 00 0f 
11 03 10 01 01 
11 03 10 01 0f 
11 03 10 03 0f 
11 03 10 05 27 
11 03 10 06 27 
11 03 10 07 00 
11 03 10 07 0f 
11 03 10 07 1f 
11 03 14 00 08 
11 03 14 06 1f 
11 03 14 07 08 
11 03 14 07 27 
11 03 14 13 
11 03 14 15 00 
11 03 14 1c 
11 03 14 24 
11 03 14 25 
11 03 15 0e 10 
11 03 15 13 
11 03 15 15 00 
11 03 15 1b 
11 03 15 1c 
11 03 15 24 
11 03 16 07 20 
11 03 16 15 10 
11 03 16 24 
11 03 18 00 10 
11 03 18 02 01 
11 03 18 07 09 
11 03 18 07 10 
11 03 18 15 00 
11 03 19 00 01 
11 03 19 00 08 
11 03 19 01 08 
11 03 19 02 01 
11 03 19 02 08 
11 03 19 07 08 
11 03 1e 1b 
11 03 1e 1c 
11 03 1f 00 27 
11 03 1f 01 10 
11 03 1f 05 
11 03 1f 07 01 
11 03 1f 07 10 
11 03 1f 07 20 
11 03 1f 07 27 
11 03 1f 15 19 
11 03 20 02 00 
11 03 20 07 10 
11 03 20 07 1f 
11 03 20 13 
11 03 20 15 00 
11 03 20 1c 
11 03 27 00 08 
11 03 27 00 1f 
11 03 27 01 00 
11 03 27 01 09 
11 03 27 05 10 
11 03 27 05 21 
11 03 27 06 10 
11 03 27 07 00 
11 03 27 07 01 
11 03 27 07 08 
11 03 27 07 1f 
11 03 27 0e 00 
11 03 27 13 00 
11 03 27 1b 00 
11 03 27 25 1f 
11 04 01 00 08 
11 04 01 00 1f 
11 04 01 00 27 
11 04 01 01 08 
11 04 01 01 0e 
11 04 01 01 19 
11 04 01 04 07 
11 04 01 04 08 
11 04 01 0e 27 
11 04 01 1c 
11 04 01 1d 
11 04 08 00 00 
11 04 08 00 01 
11 04 08 00 14 
11 04 08 00 17 
11 04 08 00 19 
11 04 08 00 27 
11 04 08 01 01 
11 04 08 01 10 
11 04 08 01 19 
11 04 08 01 27 
11 04 08 03 01 
11 04 08 0b 1e 
11 04 08 0e 01 
11 04 08 0e 19 
11 04 08 0e 1e 
11 04 09 01 08 
11 04 09 14 
11 04 09 1b 
11 04 09 1d 1f 
11 04 09 25 
11 04 0a 13 
11 04 0a 15 
11 04 0a 1b 
11 04 0a 1c 
11 04 0a 25 
11 04 10 00 00 
11 04 10 00 0f 
11 04 10 00 1f 
11 04 10 01 0f 
11 04 10 02 0f 
11 04 14 00 08 
11 04 14 00 27 
11 04 14 13 
11 04 14 1b 
11 04 15 0b 
11 04 15 13 
11 04 15 1b 
11 04 15 24 
11 04 16 13 18 
11 04 16 1b 
11 04 16 1c 
11 04 16 25 
11 04 17 13 
11 04 17 1b 
11 04 17 24 
11 04 18 1d 
11 04 19 00 08 
11 04 19 01 01 
11 04 19 01 08 
11 04 19 0c 
11 04 19 13 
11 04 19 1b 
11 04 19 1d 
11 04 1e 1b 
11 04 1e 1d 
11 04 1f 01 10 
11 04 20 00 10 
11 04 20 00 1f 
11 04 20 13 
11 04 20 1b 
11 04 27 00 10 
11 04 27 01 00 
11 04 27 01 08 
11 04 27 0b 21 
11 04 27 0e 01 
11 04 27 0e 21 
11 04 27 13 
11 04 27 1d 1f 
11 0b 00 02 18 
11 0b 00 02 1f 
11 0b 00 02 27 
11 0b 00 08 1f 
11 0b 00 08 27 
11 0b 00 0d 20 
11 0b 00 0f 08 
11 0b 00 0f 10 
11 0b 00 0f 1f 
11 0b 00 0f 27 
11 0b 00 14 27 
11 0b 00 15 18 
11 0b 00 15 1f 
11 0b 00 16 18 
11 0b 00 16 27 
11 0b 00 1b 02 
11 0b 00 1b 1f 
11 0b 00 1b 27 
11 0b 00 25 17 
11 0b 00 25 18 
11 0b 00 25 1f 
11 0b 01 02 08 
11 0b 01 02 19 
11 0b 01 0e 17 
11 0b 01 0f 08 
11 0b 01 0f 1f 
11 0b 01 0f 27 
11 0b 01 15 19 
11 0b 01 15 1f 
11 0b 01 16 08 
11 0b 01 16 1f 
11 0b 01 16 27 
11 0b 01 1b 07 
11 0b 01 1b 17 
11 0b 01 1b 19 
11 0b 01 1b 20 
11 0b 01 1b 27 
11 0b 01 24 27 
11 0b 01 25 
11 0b 08 08 10 
11 0b 09 08 10 
11 0b 09 08 1f 
11 0b 09 0f 14 
11 0b 09 13 01 
11 0b 09 13 1f 
11 0b 09 16 1f 
11 0b 09 1b 27 
11 0b 09 1c 27 
11 0b 09 24 01 
11 0b 09 24 1f 
11 0b 0a 02 
11 0b 0a 14 
11 0b 0a 16 
11 0b 0a 1d 
11 0b 0a 25 
11 0b 0f 04 
11 0b 0f 0d 10 
11 0b 0f 0f 10 
11 0b 0f 16 
11 0b 14 08 10 
11 0b 14 08 27 
11 0b 14 0f 08 
11 0b 14 0f 27 
11 0b 14 13 17 
11 0b 14 1b 27 
11 0b 14 24 17 
11 0b 15 04 
11 0b 15 14 
11 0b 15 25 
11 0b 16 0e 20 
11 0b 16 0f 20 
11 0b 16 13 10 
11 0b 16 13 18 
11 0b 16 14 11 
11 0b 16 24 10 
11 0b 16 24 18 
11 0b 17 04 20 
11 0b 17 08 09 
11 0b 17 08 1f 
11 0b 17 0c 00 
11 0b 17 0e 01 
11 0b 17 0e 09 
11 0b 17 0e 1f 
11 0b 17 13 16 
11 0b 17 13 1e 
11 0b 17 13 1f 
11 0b 17 13 20 
11 0b 17 16 27 
11 0b 17 1b 01 
11 0b 17 1d 1f 
11 0b 17 1d 20 
11 0b 17 24 16 
11 0b 17 24 1f 
11 0b 17 24 20 
11 0b 18 02 09 
11 0b 18 16 00 
11 0b 18 1b 00 
11 0b 18 1b 01 
11 0b 18 1b 20 
11 0b 18 24 16 
11 0b 19 02 01 
11 0b 19 02 08 
11 0b 19 08 10 
11 0b 19 0f 08 
11 0b 19 15 01 
11 0b 19 1b 01 
11 0b 19 1c 00 
11 0b 1e 0d 
11 0b 1e 13 17 
11 0b 1e 14 
11 0b 1e 1d 
11 0b 1f 08 17 
11 0b 1f 0d 10 
11 0b 1f 0f 01 
11 0b 1f 0f 10 
11 0b 1f 0f 20 
11 0b 1f 0f 27 
11 0b 1f 13 09 
11 0b 1f 13 17 
11 0b 1f 13 20 
11 0b 1f 15 01 
11 0b 1f 16 01 
11 0b 1f 16 09 
11 0b 1f 1d 20 
11 0b 1f 24 09 
11 0b 1f 24 17 
11 0b 20 02 00 
11 0b 20 08 27 
11 0b 20 0d 00 
11 0b 20 0f 10 
11 0b 20 0f 1f 
11 0b 20 13 1f 
11 0b 20 14 27 
11 0b 20 15 00 
11 0b 20 16 27 
11 0b 20 1b 01 
11 0b 20 1b 27 
11 0b 27 08 00 
11 0b 27 08 01 
11 0b 27 08 20 
11 0b 27 0f 00 
11 0b 27 0f 01 
11 0b 27 0f 08 
11 0b 27 0f 1f 
11 0b 27 14 20 
11 0b 27 15 17 
11 0b 27 15 20 
11 0b 27 16 01 
11 0b 27 16 17 
11 0b 27 16 20 
11 0b 27 1b 01 
11 0b 27 1b 09 
11 0b 27 1b 20 
11 0b 27 1d 21 
11 0b 27 24 21 
11 0c 00 08 08 
11 0c 00 08 10 
11 0c 00 08 1f 
11 0c 00 08 27 
11 0c 00 09 15 
11 0c 00 09 16 
11 0c 00 0a 10 
11 0c 00 0a 17 
11 0c 00 0b 10 
11 0c 00 0b 1f 
11 0c 00 0b 27 
11 0c 00 0d 10 
11 0c 00 0d 16 
11 0c 00 0d 1f 
11 0c 00 0e 10 
11 0c 00 0e 1f 
11 0c 00 0f 09 
11 0c 00 0f 10 
11 0c 00 0f 17 
11 0c 00 0f 1f 
11 0c 00 0f 20 
11 0c 00 14 10 
11 0c 00 14 1f 
11 0c 00 14 20 
11 0c 00 15 10 
11 0c 00 15 17 
11 0c 00 15 1f 
11 0c 00 15 20 
11 0c 00 16 10 
11 0c 00 1c 10 
11 0c 00 1c 17 
11 0c 00 1c 1f 
11 0c 00 1d 10 
11 0c 00 25 16 
11 0c 09 0b 17 
11 0c 09 0f 16 
11 0c 09 16 
11 0c 0a 13 
11 0c 0f 03 
11 0c 0f 04 10 
11 0c 0f 08 10 
11 0c 0f 0a 10 
11 0c 0f 0b 10 
11 0c 0f 0c 10 
11 0c 0f 0f 10 
11 0c 0f 14 10 
11 0c 0f 16 10 
11 0c 10 02 27 
11 0c 10 08 00 
11 0c 10 08 0f 
11 0c 10 08 1f 
11 0c 10 09 00 
11 0c 10 09 0f 
11 0c 10 09 18 
11 0c 10 09 1f 
11 0c 10 0a 00 
11 0c 10 0a 0f 
11 0c 10 0b 00 
11 0c 10 0b 0f 
11 0c 10 0f 01 
11 0c 10 0f 0f 
11 0c 10 0f 20 
11 0c 10 14 00 
11 0c 10 14 09 
11 0c 10 14 0f 
11 0c 10 16 00 
11 0c 10 16 0f 
11 0c 10 16 27 
11 0c 10 1c 00 
11 0c 10 25 09 
11 0c 14 08 08 
11 0c 14 08 27 
11 0c 14 09 10 
11 0c 14 09 27 
11 0c 14 0b 1f 
11 0c 14 0b 27 
11 0c 14 0f 27 
11 0c 14 24 
11 0c 15 09 00 
11 0c 15 1b 
11 0c 16 08 20 
11 0c 16 09 11 
11 0c 16 09 27 
11 0c 16 0b 20 
11 0c 17 02 20 
11 0c 17 09 15 
11 0c 17 0a 00 
11 0c 17 0b 09 
11 0c 17 0b 1f 
11 0c 17 0b 27 
11 0c 17 0e 20 
11 0c 17 0f 00 
11 0c 17 14 20 
11 0c 17 16 20 
11 0c 17 1c 00 
11 0c 17 1c 20 
11 0c 18 09 01 
11 0c 19 04 
11 0c 19 08 08 
11 0c 19 1b 
11 0c 1e 09 10 
11 0c 1f 02 
11 0c 1f 08 01 
11 0c 1f 08 10 
11 0c 1f 08 20 
11 0c 1f 08 27 
11 0c 1f 09 20 
11 0c 1f 09 27 
11 0c 1f 0b 01 
11 0c 1f 0b 14 
11 0c 1f 0b 17 
11 0c 1f 0b 26 
11 0c 1f 0b 27 
11 0c 1f 1c 10 
11 0c 20 08 10 
11 0c 20 08 1f 
11 0c 20 09 17 
11 0c 20 09 1f 
11 0c 20 0b 10 
11 0c 20 14 00 
11 0c 20 14 10 
11 0c 20 1d 10 
11 0c 27 02 10 
11 0c 27 02 21 
11 0c 27 08 00 
11 0c 27 08 01 
11 0c 27 08 08 
11 0c 27 08 1f 
11 0c 27 09 00 
11 0c 27 09 01 
11 0c 27 09 14 
11 0c 27 09 16 
11 0c 27 09 1f 
11 0c 27 0b 00 
11 0c 27 0b 01 
11 0c 27 0b 17 
11 0c 27 0b 1f 
11 0c 27 0e 01 
11 0c 27 0e 21 
11 0c 27 0f 21 
11 0c 27 15 10 
11 0c 27 16 10 
11 0c 27 1c 21 
11 0d 00 02 1f 
11 0d 00 09 00 
11 0d 00 0a 00 
11 0d 00 0a 09 
11 0d 00 0b 09 
11 0d 00 13 10 
11 0d 00 13 17 
11 0d 00 13 19 
11 0d 00 13 20 
11 0d 00 15 09 
11 0d 00 15 10 
11 0d 00 16 17 
11 0d 00 1b 18 
11 0d 00 1b 19 
11 0d 00 1b 1f 
11 0d 00 1b 20 
11 0d 00 1d 01 
11 0d 00 1d 10 
11 0d 00 1d 17 
11 0d 01 03 1f 
11 0d 01 09 08 
11 0d 01 09 1f 
11 0d 01 09 27 
11 0d 01 0a 10 
11 0d 01 0a 27 
11 0d 01 0c 10 
11 0d 01 0c 1f 
11 0d 01 16 08 
11 0d 01 16 27 
11 0d 01 1b 07 
11 0d 01 1b 10 
11 0d 01 1b 17 
11 0d 01 1b 1f 
11 0d 01 1b 27 
11 0d 08 0a 10 
11 0d 08 13 10 
11 0d 08 1c 
11 0d 09 0a 17 
11 0d 09 13 17 
11 0d 09 13 1f 
11 0d 09 1b 14 
11 0d 09 1b 17 
11 0d 09 1b 1f 
11 0d 09 1b 27 
11 0d 09 1d 17 
11 0d 0a 24 
11 0d 0f 02 10 
11 0d 0f 02 18 
11 0d 0f 02 27 
11 0d 0f 09 10 
11 0d 0f 0b 10 
11 0d 0f 0c 10 
11 0d 0f 14 10 
11 0d 0f 15 10 
11 0d 0f 16 10 
11 0d 0f 16 18 
11 0d 0f 1d 10 
11 0d 10 02 0f 
11 0d 10 02 1f 
11 0d 10 02 27 
11 0d 10 03 20 
11 0d 10 09 00 
11 0d 10 09 0f 
11 0d 10 09 1f 
11 0d 10 0a 00 
11 0d 10 0a 01 
11 0d 10 0a 0f 
11 0d 10 0b 00 
11 0d 10 0b 0f 
11 0d 10 13 0f 
11 0d 10 13 18 
11 0d 10 13 1f 
11 0d 10 14 09 
11 0d 10 14 0f 
11 0d 10 14 1f 
11 0d 10 14 27 
11 0d 10 15 0f 
11 0d 10 16 0f 
11 0d 10 16 1f 
11 0d 10 16 27 
11 0d 10 1d 00 
11 0d 10 1d 01 
11 0d 10 1d 09 
11 0d 10 1d 0f 
11 0d 10 1d 20 
11 0d 10 1d 27 
11 0d 14 09 08 
11 0d 14 09 27 
11 0d 14 0a 10 
11 0d 14 0a 27 
11 0d 14 13 10 
11 0d 14 14 27 
11 0d 14 16 08 
11 0d 14 1b 09 
11 0d 15 1c 
11 0d 15 24 
11 0d 16 02 20 
11 0d 16 09 20 
11 0d 16 0c 20 
11 0d 16 13 20 
11 0d 16 15 20 
11 0d 16 16 20 
11 0d 16 1c 
11 0d 16 1d 20 
11 0d 16 24 
11 0d 16 25 
11 0d 17 02 20 
11 0d 17 0b 00 
11 0d 17 0c 20 
11 0d 17 13 00 
11 0d 17 13 09 
11 0d 17 13 20 
11 0d 17 14 20 
11 0d 17 16 00 
11 0d 17 16 20 
11 0d 17 1b 01 
11 0d 17 1b 09 
11 0d 17 1b 1f 
11 0d 17 1d 09 
11 0d 17 1d 20 
11 0d 17 24 
11 0d 18 02 0f 
11 0d 18 02 1e 
11 0d 18 0a 0f 
11 0d 18 16 0f 
11 0d 18 16 1e 
11 0d 18 1b 00 
11 0d 18 24 1e 
11 0d 19 02 08 
11 0d 19 09 08 
11 0d 19 0a 10 
11 0d 19 13 00 
11 0d 19 16 08 
11 0d 19 1b 00 
11 0d 19 1d 
11 0d 1f 02 10 
11 0d 1f 09 01 
11 0d 1f 09 10 
11 0d 1f 09 20 
11 0d 1f 09 27 
11 0d 1f 0a 17 
11 0d 1f 0c 14 
11 0d 1f 0c 17 
11 0d 1f 0c 1a 
11 0d 1f 0c 20 
11 0d 1f 13 09 
11 0d 1f 14 10 
11 0d 1f 16 10 
11 0d 1f 1b 01 
11 0d 1f 1b 09 
11 0d 1f 1b 17 
11 0d 1f 1b 20 
11 0d 1f 1b 27 
11 0d 1f 1d 01 
11 0d 20 02 08 
11 0d 20 09 10 
11 0d 20 09 1f 
11 0d 20 0a 27 
11 0d 20 13 00 
11 0d 20 14 10 
11 0d 20 15 17 
11 0d 20 16 08 
11 0d 20 1b 00 
11 0d 20 1b 10 
11 0d 20 1b 1f 
11 0d 20 1d 10 
11 0d 27 02 0f 
11 0d 27 02 10 
11 0d 27 09 00 
11 0d 27 09 01 
11 0d 27 09 08 
11 0d 27 09 1f 
11 0d 27 0a 00 
11 0d 27 0a 01 
11 0d 27 0a 20 
11 0d 27 13 10 
11 0d 27 14 10 
11 0d 27 15 10 
11 0d 27 16 01 
11 0d 27 16 08 
11 0d 27 16 10 
11 0d 27 1b 01 
11 0d 27 1b 09 
11 0d 27 1b 1f 
11 0d 27 1d 10 
11 0d 27 1d 21 
11 0d 27 24 21 
11 13 00 0a 15 
11 13 00 0a 16 
11 13 00 10 08 
11 13 00 10 10 
11 13 00 10 27 
11 13 00 14 18 
11 13 00 14 27 
11 13 00 15 08 
11 13 00 15 10 
11 13 00 15 1f 
11 13 00 16 27 
11 13 00 17 08 
11 13 00 17 10 
11 13 00 17 1f 
11 13 00 17 27 
11 13 00 1b 18 
11 13 00 1d 08 
11 13 00 1e 1e 
11 13 00 25 02 
11 13 00 25 08 
11 13 00 
11 13 01 03 06 
11 13 01 0a 27 
11 13 01 0b 09 
11 13 01 10 10 
11 13 01 10 18 
11 13 01 10 27 
11 13 01 14 09 
11 13 01 14 18 
11 13 01 16 1e 
11 13 01 17 10 
11 13 01 17 27 
11 13 01 1b 19 
11 13 01 1b 1e 
11 13 01 1c 06 
11 13 01 24 18 
11 13 01 24 27 
11 13 01 25 07 
11 13 01 
11 13 08 0a 00 
11 13 08 0a 17 
11 13 08 0a 19 
11 13 08 0b 00 
11 13 08 0b 17 
11 13 08 0b 19 
11 13 08 0b 1e 
11 13 08 0d 10 
11 13 08 0d 17 
11 13 08 0d 19 
11 13 08 0d 20 
11 13 08 10 00 
11 13 08 10 01 
11 13 08 10 10 
11 13 08 10 1e 
11 13 08 10 27 
11 13 08 14 01 
11 13 08 14 17 
11 13 08 15 19 
11 13 08 15 27 
11 13 08 16 17 
11 13 08 16 19 
11 13 08 16 1e 
11 13 08 17 00 
11 13 08 17 01 
11 13 08 17 14 
11 13 08 17 17 
11 13 08 17 19 
11 13 08 17 27 
11 13 08 1b 14 
11 13 08 1d 18 
11 13 08 1d 19 
11 13 08 1d 20 
11 13 08 1e 10 
11 13 08 1e 14 
11 13 08 1e 1e 
11 13 08 24 20 
11 13 08 25 19 
11 13 08 25 20 
11 13 08 
11 13 09 0c 17 
11 13 09 0d 17 
11 13 09 0d 1f 
11 13 09 15 
11 13 09 16 0e 
11 13 09 1e 0f 
11 13 09 1e 17 
11 13 09 1e 1f 
11 13 09 1e 27 
11 13 0a 03 
11 13 0a 04 
11 13 0a 14 
11 13 0a 1e 08 
11 13 0a 1e 1f 
11 13 0f 14 
11 13 0f 15 10 
11 13 0f 16 08 
11 13 0f 16 10 
11 13 0f 17 10 
11 13 0f 1b 1f 
11 13 0f 1e 10 
11 13 0f 1e 27 
11 13 0f 24 1f 
11 13 0f 25 16 
11 13 10 03 27 
11 13 10 0a 09 
11 13 10 0a 1e 
11 13 10 0d 00 
11 13 10 0d 08 
11 13 10 0d 27 
11 13 10 1e 08 
11 13 10 1e 0f 
11 13 14 04 
11 13 14 0a 10 
11 13 14 0a 27 
11 13 14 0b 17 
11 13 14 0d 10 
11 13 14 10 27 
11 13 14 16 00 
11 13 14 16 27 
11 13 14 17 08 
11 13 14 17 27 
11 13 14 1b 08 
11 13 14 1d 18 
11 13 14 1e 08 
11 13 15 04 
11 13 15 0a 00 
11 13 16 0a 11 
11 13 16 0a 27 
11 13 16 0b 10 
11 13 16 0b 18 
11 13 16 0d 20 
11 13 16 16 18 
11 13 16 16 20 
11 13 16 16 27 
11 13 16 17 20 
11 13 16 25 20 
11 13 17 0a 15 
11 13 17 0b 16 
11 13 17 0b 1e 
11 13 17 0b 1f 
11 13 17 0b 20 
11 13 17 0d 00 
11 13 17 0d 09 
11 13 17 0d 20 
11 13 17 14 00 
11 13 17 15 20 
11 13 17 1b 19 
11 13 17 1c 19 
11 13 17 1e 09 
11 13 17 1e 19 
11 13 17 1e 27 
11 13 17 24 01 
11 13 17 24 19 
11 13 17 25 00 
11 13 17 25 20 
11 13 18 04 16 
11 13 18 0a 01 
11 13 18 0b 16 
11 13 18 14 00 
11 13 18 16 00 
11 13 18 16 16 
11 13 18 1e 0f 
11 13 18 24 01 
11 13 19 04 
11 13 19 0d 00 
11 13 19 16 08 
11 13 19 17 08 
11 13 19 1b 01 
11 13 19 1b 17 
11 13 19 1c 08 
11 13 19 1c 17 
11 13 19 1d 08 
11 13 19 1e 17 
11 13 19 24 17 
11 13 19 25 08 
11 13 1e 0a 10 
11 13 1e 0b 17 
11 13 1e 16 01 
11 13 1e 1b 01 
11 13 1e 1e 00 
11 13 1f 0a 20 
11 13 1f 0a 27 
11 13 1f 0b 09 
11 13 1f 0b 17 
11 13 1f 0b 20 
11 13 1f 0d 09 
11 13 1f 14 01 
11 13 1f 14 09 
11 13 1f 16 0a 
11 13 1f 16 20 
11 13 1f 17 01 
11 13 1f 17 10 
11 13 1f 17 20 
11 13 1f 17 27 
11 13 1f 1b 0f 
11 13 1f 1e 09 
11 13 1f 24 0f 
11 13 20 03 
11 13 20 04 
11 13 20 0a 17 
11 13 20 0a 1f 
11 13 20 0b 1f 
11 13 20 0d 00 
11 13 20 14 27 
11 13 20 16 10 
11 13 20 16 1f 
11 13 20 17 10 
11 13 20 17 1f 
11 13 20 1b 17 
11 13 20 1c 17 
11 13 20 1c 1f 
11 13 20 1d 08 
11 13 20 1e 17 
11 13 20 24 08 
11 13 20 24 17 
11 13 20 25 08 
11 13 20 25 10 
11 13 27 03 00 
11 13 27 0a 00 
11 13 27 0a 01 
11 13 27 0a 14 
11 13 27 0a 16 
11 13 27 0a 1f 
11 13 27 0d 10 
11 13 27 10 01 
11 13 27 10 08 
11 13 27 14 01 
11 13 27 14 17 
11 13 27 14 20 
11 13 27 15 10 
11 13 27 17 00 
11 13 27 17 01 
11 13 27 17 08 
11 13 27 17 1f 
11 13 27 1e 09 
11 13 27 1e 0f 
11 13 27 1e 17 
11 13 27 24 01 
11 13 27 25 16 
11 14 00 0a 10 
11 14 00 0a 1f 
11 14 00 0a 27 
11 14 00 0b 27 
11 14 00 0c 10 
11 14 00 0c 1f 
11 14 00 0c 20 
11 14 00 10 08 
11 14 00 10 10 
11 14 00 10 1f 
11 14 00 10 27 
11 14 00 11 10 
11 14 00 11 1f 
11 14 00 17 09 
11 14 00 17 10 
11 14 00 17 14 
11 14 00 1b 08 
11 14 00 1b 10 
11 14 00 1b 27 
11 14 00 1c 10 
11 14 00 1d 08 
11 14 00 1d 10 
11 14 00 1e 08 
11 14 00 1e 09 
11 14 00 1e 10 
11 14 00 1e 18 
11 14 00 24 18 
11 14 00 25 08 
11 14 00 25 1f 
11 14 00 
11 14 01 03 1f 
11 14 01 0a 10 
11 14 01 0a 1f 
11 14 01 0a 27 
11 14 01 0c 10 
11 14 01 10 08 
11 14 01 10 1f 
11 14 01 10 27 
11 14 01 1b 08 
11 14 01 1b 19 
11 14 01 1c 08 
11 14 01 1e 07 
11 14 01 1e 08 
11 14 01 1e 10 
11 14 01 1e 19 
11 14 01 1e 1f 
11 14 01 1e 20 
11 14 01 24 08 
11 14 08 0a 00 
11 14 08 0a 01 
11 14 08 0a 19 
11 14 08 10 00 
11 14 08 10 01 
11 14 08 10 14 
11 14 08 10 17 
11 14 08 10 19 
11 14 08 10 27 
11 14 08 16 01 
11 14 08 1b 00 
11 14 08 1b 01 
11 14 08 1c 01 
11 14 08 1c 19 
11 14 08 1e 00 
11 14 08 1e 01 
11 14 08 1e 19 
11 14 08 24 01 
11 14 08 24 02 
11 14 08 25 19 
11 14 08 25 20 
11 14 09 04 
11 14 09 0a 17 
11 14 09 1e 00 
11 14 09 1e 17 
11 14 0f 0a 10 
11 14 0f 0c 10 
11 14 0f 0d 10 
11 14 0f 10 10 
11 14 0f 1d 10 
11 14 0f 24 
11 14 10 03 0f 
11 14 10 0a 00 
11 14 10 0a 0f 
11 14 10 0b 00 
11 14 10 0c 00 
11 14 10 0c 09 
11 14 10 0c 0f 
11 14 10 0d 09 
11 14 10 0d 0f 
11 14 10 0d 1f 
11 14 10 0d 27 
11 14 10 10 00 
11 14 10 10 0f 
11 14 10 10 1f 
11 14 10 11 00 
11 14 10 17 09 
11 14 10 1c 00 
11 14 10 1c 1f 
11 14 10 1d 00 
11 14 10 1d 0f 
11 14 10 1d 27 
11 14 10 1e 00 
11 14 10 1e 1f 
11 14 10 25 09 
11 14 10 25 0f 
11 14 10 25 1f 
11 14 14 0a 1f 
11 14 14 0a 27 
11 14 14 0d 27 
11 14 14 10 08 
11 14 14 10 27 
11 14 14 1b 27 
11 14 14 1e 27 
11 14 15 0b 10 
11 14 15 1d 20 
11 14 16 04 20 
11 14 16 0a 20 
11 14 16 0b 11 
11 14 16 10 20 
11 14 16 1e 20 
11 14 17 0a 09 
11 14 17 0a 1f 
11 14 17 0a 27 
11 14 17 0d 20 
11 14 17 1c 20 
11 14 17 1e 09 
11 14 17 24 00 
11 14 18 1b 00 
11 14 18 24 00 
11 14 19 10 08 
11 14 19 1b 01 
11 14 19 1b 27 
11 14 19 1c 08 
11 14 19 1e 01 
11 14 19 1e 08 
11 14 19 25 08 
11 14 1f 04 10 
11 14 1f 0a 01 
11 14 1f 0a 14 
11 14 1f 0a 17 
11 14 1f 0a 26 
11 14 1f 0a 27 
11 14 1f 0d 10 
11 14 1f 10 01 
11 14 1f 10 10 
11 14 1f 10 20 
11 14 1f 10 27 
11 14 1f 1d 20 
11 14 1f 1e 01 
11 14 1f 1e 10 
11 14 1f 1e 20 
11 14 1f 1e 27 
11 14 1f 24 01 
11 14 1f 24 09 
11 14 20 0a 10 
11 14 20 0b 27 
11 14 20 0c 00 
11 14 20 0c 10 
11 14 20 0d 10 
11 14 20 10 10 
11 14 20 10 1f 
11 14 20 1c 1f 
11 14 20 1d 10 
11 14 20 1e 01 
11 14 20 1e 1f 
11 14 20 25 08 
11 14 27 04 10 
11 14 27 0a 00 
11 14 27 0a 01 
11 14 27 0a 17 
11 14 27 0a 1f 
11 14 27 0b 20 
11 14 27 0d 10 
11 14 27 10 00 
11 14 27 10 01 
11 14 27 10 08 
11 14 27 10 1f 
11 14 27 1b 15 
11 14 27 1b 19 
11 14 27 1d 10 
11 14 27 1e 00 
11 14 27 1e 1f 
11 14 27 24 17 
11 15 00 04 18 
11 15 00 04 1f 
11 15 00 0a 19 
11 15 00 0a 1f 
11 15 00 0b 1f 
11 15 00 0b 20 
11 15 00 0d 1f 
11 15 00 10 09 
11 15 00 10 1f 
11 15 00 10 20 
11 15 00 11 00 
11 15 00 11 14 
11 15 00 11 19 
11 15 00 11 1f 
11 15 00 11 27 
11 15 00 12 00 
11 15 00 12 01 
11 15 00 12 1f 
11 15 00 12 27 
11 15 00 13 1f 
11 15 00 1b 01 
11 15 00 1b 10 
11 15 00 1b 14 
11 15 00 1b 17 
11 15 00 1b 19 
11 15 00 1d 08 
11 15 00 1d 18 
11 15 00 1e 01 
11 15 00 1e 0a 
11 15 00 1e 1e 
11 15 00 25 09 
11 15 00 25 18 
11 15 00 25 1f 
11 15 01 03 1f 
11 15 01 0a 14 
11 15 01 0b 19 
11 15 01 0b 1f 
11 15 01 10 08 
11 15 01 10 27 
11 15 01 11 08 
11 15 01 11 1f 
11 15 01 11 27 
11 15 01 14 08 
11 15 01 1b 08 
11 15 01 1c 06 
11 15 01 1e 00 
11 15 01 1e 07 
11 15 01 24 08 
11 15 08 04 17 
11 15 08 04 20 
11 15 08 0a 17 
11 15 08 0a 19 
11 15 08 0a 1e 
11 15 08 0a 20 
11 15 08 0b 01 
11 15 08 0b 17 
11 15 08 0b 19 
11 15 08 0b 1f 
11 15 08 0d 17 
11 15 08 0d 20 
11 15 08 10 01 
11 15 08 10 14 
11 15 08 10 17 
11 15 08 10 19 
11 15 08 10 1e 
11 15 08 10 20 
11 15 08 10 27 
11 15 08 12 00 
11 15 08 12 14 
11 15 08 12 17 
11 15 08 12 19 
11 15 08 12 1e 
11 15 08 1b 01 
11 15 08 1b 19 
11 15 08 1b 1e 
11 15 08 1d 18 
11 15 08 1d 19 
11 15 08 1e 10 
11 15 08 1e 19 
11 15 08 24 01 
11 15 08 24 17 
11 15 08 24 1f 
11 15 08 25 14 
11 15 08 25 19 
11 15 08 25 20 
11 15 09 0a 1e 
11 15 09 0c 0e 
11 15 09 12 27 
11 15 09 14 
11 15 09 1c 
11 15 09 1d 17 
11 15 09 1e 0f 
11 15 09 24 0f 
11 15 09 24 14 
11 15 0a 13 
11 15 0a 1b 27 
11 15 0a 1e 00 
11 15 0a 1e 08 
11 15 0a 1e 10 
11 15 0a 25 
11 15 0f 04 10 
11 15 0f 0c 08 
11 15 0f 0c 10 
11 15 0f 0d 10 
11 15 0f 10 10 
11 15 0f 10 18 
11 15 0f 11 10 
11 15 0f 1b 27 
11 15 0f 1d 10 
11 15 0f 1e 10 
11 15 0f 24 
11 15 10 03 0f 
11 15 10 03 1f 
11 15 10 04 0f 
11 15 10 0d 0f 
11 15 10 10 0f 
11 15 10 10 1f 
11 15 10 10 27 
11 15 10 11 00 
11 15 10 11 0f 
11 15 10 11 1f 
11 15 10 12 00 
11 15 10 12 01 
11 15 10 12 0f 
11 15 10 12 1f 
11 15 10 13 00 
11 15 10 1d 01 
11 15 10 1d 0f 
11 15 10 1d 20 
11 15 10 1d 27 
11 15 10 1e 08 
11 15 10 1e 0a 
11 15 10 1e 0f 
11 15 10 1e 18 
11 15 14 03 08 
11 15 14 0a 01 
11 15 14 0a 1f 
11 15 14 10 08 
11 15 14 11 08 
11 15 14 11 27 
11 15 14 12 08 
11 15 14 1b 00 
11 15 14 1d 10 
11 15 14 1d 18 
11 15 14 1d 1f 
11 15 14 24 08 
11 15 14 24 27 
11 15 14 25 08 
11 15 14 25 27 
11 15 15 1e 20 
11 15 15 24 
11 15 16 04 20 
11 15 16 04 27 
11 15 16 0d 20 
11 15 16 10 20 
11 15 16 11 20 
11 15 16 1b 10 
11 15 16 1c 
11 15 16 1d 11 
11 15 16 1e 10 
11 15 16 1e 20 
11 15 16 1e 27 
11 15 16 24 
11 15 16 25 
11 15 17 0a 1f 
11 15 17 0a 20 
11 15 17 10 00 
11 15 17 10 20 
11 15 17 12 01 
11 15 17 12 19 
11 15 17 1b 00 
11 15 17 1b 1f 
11 15 17 1b 20 
11 15 17 1d 09 
11 15 17 1d 12 
11 15 17 1d 27 
11 15 17 1e 08 
11 15 18 03 00 
11 15 18 04 00 
11 15 18 10 0f 
11 15 18 10 1e 
11 15 18 12 01 
11 15 18 1b 00 
11 15 18 1e 00 
11 15 18 1e 16 
11 15 19 0a 00 
11 15 19 0b 01 
11 15 19 10 08 
11 15 19 11 08 
11 15 19 12 08 
11 15 19 12 17 
11 15 19 1b 00 
11 15 19 1b 08 
11 15 19 1d 08 
11 15 19 1e 08 
11 15 19 24 01 
11 15 19 25 08 
11 15 1e 1e 00 
11 15 1f 03 19 
11 15 1f 0a 14 
11 15 1f 0a 17 
11 15 1f 0a 1a 
11 15 1f 0a 20 
11 15 1f 0b 01 
11 15 1f 10 10 
11 15 1f 11 01 
11 15 1f 11 10 
11 15 1f 11 20 
11 15 1f 11 27 
11 15 1f 1b 17 
11 15 1f 1c 10 
11 15 1f 24 08 
11 15 20 03 00 
11 15 20 04 08 
11 15 20 0a 1f 
11 15 20 0b 00 
11 15 20 0d 17 
11 15 20 10 08 
11 15 20 11 10 
11 15 20 11 1f 
11 15 20 12 10 
11 15 20 12 17 
11 15 20 13 10 
11 15 20 13 1f 
11 15 20 1d 10 
11 15 20 1e 10 
11 15 20 1e 18 
11 15 20 25 08 
11 15 20 25 16 
11 15 27 04 08 
11 15 27 04 16 
11 15 27 04 20 
11 15 27 0a 08 
11 15 27 0d 08 
11 15 27 10 08 
11 15 27 10 16 
11 15 27 11 00 
11 15 27 11 08 
11 15 27 11 16 
11 15 27 12 00 
11 15 27 12 08 
11 15 27 12 0a 
11 15 27 1b 0a 
11 15 27 1b 0f 
11 15 27 1b 26 
11 15 27 1d 10 
11 15 27 1d 17 
11 15 27 1e 08 
11 15 27 1e 16 
11 15 27 24 
11 15 27 25 08 
11 15 27 25 0f 
11 1b 00 03 08 
11 1b 00 03 1f 
11 1b 00 03 27 
11 1b 00 0b 02 
11 1b 00 0b 1f 
11 1b 00 0b 27 
11 1b 00 12 08 
11 1b 00 12 10 
11 1b 00 12 27 
11 1b 00 13 18 
11 1b 00 14 08 
11 1b 00 14 10 
11 1b 00 14 27 
11 1b 00 15 18 
11 1b 00 1c 08 
11 1b 00 1c 27 
11 1b 00 1d 10 
11 1b 00 1d 27 
11 1b 00 1e 10 
11 1b 00 1e 18 
11 1b 00 1e 27 
11 1b 00 1f 08 
11 1b 00 1f 10 
11 1b 00 1f 1f 
11 1b 00 1f 27 
11 1b 00 25 17 
11 1b 00 26 08 
11 1b 00 26 10 
11 1b 00 26 27 
11 1b 00 
11 1b 01 04 08 
11 1b 01 0b 07 
11 1b 01 0b 17 
11 1b 01 0b 19 
11 1b 01 0b 20 
11 1b 01 0b 27 
11 1b 01 0d 07 
11 1b 01 0d 10 
11 1b 01 0d 17 
11 1b 01 0d 1f 
11 1b 01 0d 27 
11 1b 01 12 08 
11 1b 01 12 27 
11 1b 01 13 08 
11 1b 01 14 08 
11 1b 01 14 19 
11 1b 01 15 08 
11 1b 01 1d 17 
11 1b 01 1d 1f 
11 1b 01 1e 10 
11 1b 01 1e 17 
11 1b 01 1f 08 
11 1b 01 1f 1f 
11 1b 01 1f 27 
11 1b 01 25 27 
11 1b 01 26 08 
11 1b 01 26 27 
11 1b 08 0b 00 
11 1b 08 0b 01 
11 1b 08 0b 17 
11 1b 08 0b 1f 
11 1b 08 0d 19 
11 1b 08 0d 27 
11 1b 08 12 00 
11 1b 08 12 01 
11 1b 08 12 10 
11 1b 08 12 1e 
11 1b 08 12 27 
11 1b 08 13 14 
11 1b 08 14 00 
11 1b 08 14 01 
11 1b 08 1c 00 
11 1b 08 1c 01 
11 1b 08 1c 17 
11 1b 08 1e 00 
11 1b 08 1e 01 
11 1b 08 1e 14 
11 1b 08 1e 17 
11 1b 08 1e 19 
11 1b 08 1e 27 
11 1b 08 1f 00 
11 1b 08 1f 01 
11 1b 08 1f 14 
11 1b 08 1f 17 
11 1b 08 1f 19 
11 1b 08 1f 27 
11 1b 08 25 1e 
11 1b 08 25 27 
11 1b 08 26 00 
11 1b 08 26 01 
11 1b 08 26 10 
11 1b 08 26 1e 
11 1b 08 26 27 
11 1b 09 04 
11 1b 09 0d 14 
11 1b 09 0d 17 
11 1b 09 0d 1f 
11 1b 09 0d 27 
11 1b 09 1c 0f 
11 1b 09 1c 17 
11 1b 09 1c 1f 
11 1b 09 1c 27 
11 1b 09 1e 17 
11 1b 0a 03 
11 1b 0a 04 
11 1b 0a 14 
11 1b 0a 15 27 
11 1b 0a 1c 
11 1b 0a 1d 
11 1b 0f 03 09 
11 1b 0f 13 1f 
11 1b 0f 15 27 
11 1b 0f 1e 10 
11 1b 0f 1e 27 
11 1b 0f 1f 10 
11 1b 10 0b 00 
11 1b 10 0b 08 
11 1b 10 0b 19 
11 1b 10 12 00 
11 1b 10 12 01 
11 1b 10 12 08 
11 1b 10 13 00 
11 1b 10 13 08 
11 1b 10 13 0f 
11 1b 10 14 00 
11 1b 10 15 00 
11 1b 10 1d 1f 
11 1b 10 1e 16 
11 1b 10 1e 1f 
11 1b 10 1e 20 
11 1b 10 1f 01 
11 1b 10 1f 08 
11 1b 10 1f 20 
11 1b 10 26 00 
11 1b 10 26 01 
11 1b 10 26 08 
11 1b 10 26 19 
11 1b 10 26 1f 
11 1b 14 04 
11 1b 14 0b 27 
11 1b 14 0d 09 
11 1b 14 12 27 
11 1b 14 13 08 
11 1b 14 14 27 
11 1b 14 15 00 
11 1b 14 1c 08 
11 1b 14 1f 08 
11 1b 14 1f 27 
11 1b 14 26 27 
11 1b 15 04 
11 1b 15 0c 
11 1b 16 15 10 
11 1b 16 1e 10 
11 1b 16 1e 20 
11 1b 16 1f 20 
11 1b 17 0b 01 
11 1b 17 0d 01 
11 1b 17 0d 09 
11 1b 17 0d 1f 
11 1b 17 13 19 
11 1b 17 1c 00 
11 1b 17 1d 01 
11 1b 17 1d 20 
11 1b 17 1e 15 
11 1b 17 25 00 
11 1b 17 25 08 
11 1b 17 25 27 
11 1b 18 04 
11 1b 18 0d 00 
11 1b 18 13 00 
11 1b 18 1e 08 
11 1b 19 04 
11 1b 19 0b 01 
11 1b 19 0c 
11 1b 19 0d 00 
11 1b 19 13 01 
11 1b 19 13 17 
11 1b 19 14 01 
11 1b 19 14 27 
11 1b 19 15 00 
11 1b 19 15 08 
11 1b 19 1c 01 
11 1b 19 1e 08 
11 1b 19 1f 08 
11 1b 19 26 10 
11 1b 1e 03 
11 1b 1e 04 
11 1b 1e 13 01 
11 1b 1e 14 
11 1b 1f 04 0f 
11 1b 1f 0d 01 
11 1b 1f 0d 09 
11 1b 1f 0d 17 
11 1b 1f 0d 20 
11 1b 1f 0d 27 
11 1b 1f 13 0f 
11 1b 1f 15 17 
11 1b 1f 1c 01 
11 1b 1f 1d 01 
11 1b 1f 1e 20 
11 1b 1f 1f 01 
11 1b 1f 1f 10 
11 1b 1f 1f 20 
11 1b 1f 1f 27 
11 1b 1f 26 10 
11 1b 20 04 
11 1b 20 0b 01 
11 1b 20 0b 27 
11 1b 20 0d 00 
11 1b 20 0d 10 
11 1b 20 0d 1f 
11 1b 20 13 17 
11 1b 20 1c 01 
11 1b 20 1e 08 
11 1b 20 1e 10 
11 1b 20 1e 1f 
11 1b 20 1f 10 
11 1b 20 1f 1f 
11 1b 27 03 00 
11 1b 27 04 00 
11 1b 27 04 08 
11 1b 27 04 1f 
11 1b 27 0b 01 
11 1b 27 0b 09 
11 1b 27 0b 20 
11 1b 27 0d 01 
11 1b 27 0d 09 
11 1b 27 0d 1f 
11 1b 27 12 01 
11 1b 27 12 08 
11 1b 27 14 15 
11 1b 27 14 19 
11 1b 27 15 0f 
11 1b 27 1c 01 
11 1b 27 1c 09 
11 1b 27 1e 00 
11 1b 27 1e 0f 
11 1b 27 1e 14 
11 1b 27 1f 00 
11 1b 27 1f 01 
11 1b 27 1f 08 
11 1b 27 1f 1f 
11 1b 27 25 01 
11 1b 27 25 08 
11 1b 27 25 17 
11 1b 27 25 21 
11 1b 27 26 00 
11 1b 27 26 01 
11 1b 27 26 08 
11 1c 00 0c 10 
11 1c 00 0c 17 
11 1c 00 0c 1f 
11 1c 00 12 10 
11 1c 00 12 1f 
11 1c 00 14 10 
11 1c 00 15 
11 1c 00 18 08 
11 1c 00 18 10 
11 1c 00 18 1f 
11 1c 00 18 27 
11 1c 00 1a 10 
11 1c 00 1a 17 
11 1c 00 1a 1f 
11 1c 00 1d 08 
11 1c 00 1d 09 
11 1c 00 1d 10 
11 1c 00 1d 18 
11 1c 00 1e 10 
11 1c 00 1e 27 
11 1c 00 1f 02 
11 1c 00 1f 09 
11 1c 00 1f 0a 
11 1c 00 1f 10 
11 1c 00 1f 18 
11 1c 01 14 08 
11 1c 01 15 06 
11 1c 01 18 08 
11 1c 01 18 1f 
11 1c 01 18 27 
11 1c 01 1a 27 
11 1c 01 1d 07 
11 1c 01 1d 08 
11 1c 01 1d 10 
11 1c 01 1d 19 
11 1c 01 1d 1f 
11 1c 01 1d 20 
11 1c 01 1e 17 
11 1c 01 1e 1f 
11 1c 01 1f 00 
11 1c 01 1f 07 
11 1c 08 0b 00 
11 1c 08 0b 14 
11 1c 08 0b 19 
11 1c 08 14 01 
11 1c 08 14 19 
11 1c 08 18 00 
11 1c 08 18 01 
11 1c 08 18 14 
11 1c 08 18 17 
11 1c 08 18 19 
11 1c 08 18 27 
11 1c 08 1d 00 
11 1c 08 1d 01 
11 1c 08 1d 19 
11 1c 08 1f 10 
11 1c 08 1f 19 
11 1c 08 25 20 
11 1c 09 03 
11 1c 09 15 
11 1c 09 1d 00 
11 1c 09 1d 17 
11 1c 09 1f 0f 
11 1c 0a 03 
11 1c 0a 04 
11 1c 0a 12 
11 1c 0a 14 
11 1c 0a 1e 
11 1c 0a 1f 00 
11 1c 0a 1f 08 
11 1c 0a 1f 10 
11 1c 0f 18 10 
11 1c 0f 1a 10 
11 1c 0f 1f 10 
11 1c 0f 26 
11 1c 10 03 1f 
11 1c 10 0b 00 
11 1c 10 0c 00 
11 1c 10 12 00 
11 1c 10 13 20 
11 1c 10 14 00 
11 1c 10 14 1f 
11 1c 10 18 00 
11 1c 10 18 0f 
11 1c 10 18 1f 
11 1c 10 19 00 
11 1c 10 19 09 
11 1c 10 19 0f 
11 1c 10 1a 00 
11 1c 10 1a 0f 
11 1c 10 1a 1f 
11 1c 10 1d 00 
11 1c 10 1d 1f 
11 1c 10 1f 08 
11 1c 10 1f 0a 
11 1c 10 1f 0f 
11 1c 10 1f 18 
11 1c 14 18 08 
11 1c 14 18 27 
11 1c 14 19 08 
11 1c 14 1d 27 
11 1c 16 0d 
11 1c 16 15 
11 1c 16 18 20 
11 1c 16 1d 20 
11 1c 16 1f 10 
11 1c 16 1f 20 
11 1c 16 1f 27 
11 1c 17 13 19 
11 1c 17 14 20 
11 1c 17 19 27 
11 1c 17 1a 00 
11 1c 17 1d 09 
11 1c 17 1e 01 
11 1c 17 1e 20 
11 1c 17 1f 08 
11 1c 17 24 00 
11 1c 17 25 08 
11 1c 19 13 17 
11 1c 19 14 08 
11 1c 19 18 08 
11 1c 19 1c 08 
11 1c 19 1d 01 
11 1c 19 1d 08 
11 1c 19 1f 08 
11 1c 1e 03 
11 1c 1e 0d 
11 1c 1e 1f 00 
11 1c 1e 25 08 
11 1c 1f 0d 
11 1c 1f 13 20 
11 1c 1f 14 10 
11 1c 1f 14 20 
11 1c 1f 18 01 
11 1c 1f 18 10 
11 1c 1f 18 20 
11 1c 1f 18 27 
11 1c 1f 1a 10 
11 1c 1f 1c 20 
11 1c 1f 1d 01 
11 1c 1f 1d 10 
11 1c 1f 1d 20 
11 1c 1f 1d 27 
11 1c 1f 1e 01 
11 1c 20 13 17 
11 1c 20 13 1f 
11 1c 20 14 1f 
11 1c 20 18 10 
11 1c 20 18 1f 
11 1c 20 1b 10 
11 1c 20 1b 1f 
11 1c 20 1d 01 
11 1c 20 1d 1f 
11 1c 20 1f 10 
11 1c 20 1f 18 
11 1c 20 25 08 
11 1d 00 0c 
11 1d 00 0d 10 
11 1d 00 12 10 
11 1d 00 14 10 
11 1d 00 18 10 
11 1d 00 19 00 
11 1d 00 1a 00 
11 1d 00 1a 01 
11 1d 00 24 
11 1d 00 26 08 
11 1d 01 12 17 
11 1d 01 13 10 
11 1d 01 13 14 
11 1d 01 18 10 
11 1d 01 18 17 
11 1d 01 19 08 
11 1d 01 19 1f 
11 1d 01 19 27 
11 1d 01 1a 07 
11 1d 01 1a 08 
11 1d 01 1a 14 
11 1d 01 1a 17 
11 1d 01 1a 19 
11 1d 01 1a 1f 
11 1d 01 1a 20 
11 1d 01 1a 27 
11 1d 01 1c 00 
11 1d 01 1c 08 
11 1d 01 1c 1f 
11 1d 08 04 0a 
11 1d 08 04 18 
11 1d 08 04 19 
11 1d 08 0b 14 
11 1d 08 0b 19 
11 1d 08 0b 20 
11 1d 08 0d 00 
11 1d 08 0d 10 
11 1d 08 12 14 
11 1d 08 12 1e 
11 1d 08 13 18 
11 1d 08 13 19 
11 1d 08 13 20 
11 1d 08 18 18 
11 1d 08 18 19 
11 1d 08 18 1e 
11 1d 08 18 20 
11 1d 08 19 00 
11 1d 08 19 01 
11 1d 08 19 14 
11 1d 08 19 17 
11 1d 08 19 19 
11 1d 08 19 27 
11 1d 08 1a 00 
11 1d 08 1a 01 
11 1d 08 1a 17 
11 1d 08 25 27 
11 1d 08 26 00 
11 1d 09 04 08 
11 1d 09 04 1f 
11 1d 09 0d 17 
11 1d 09 15 17 
11 1d 09 18 17 
11 1d 09 1a 00 
11 1d 09 25 17 
11 1d 09 26 
11 1d 0a 0b 
11 1d 0a 14 
11 1d 0a 1a 
11 1d 0a 1c 
11 1d 0a 24 
11 1d 0f 04 09 
11 1d 0f 04 10 
11 1d 0f 0c 10 
11 1d 0f 0d 10 
11 1d 0f 12 10 
11 1d 0f 14 10 
11 1d 0f 15 10 
11 1d 0f 18 10 
11 1d 0f 18 27 
11 1d 0f 19 10 
11 1d 0f 1b 
11 1d 0f 24 
11 1d 10 03 27 
11 1d 10 04 01 
11 1d 10 04 0f 
11 1d 10 04 20 
11 1d 10 04 27 
11 1d 10 0b 09 
11 1d 10 0d 00 
11 1d 10 0d 01 
11 1d 10 0d 09 
11 1d 10 0d 0f 
11 1d 10 0d 20 
11 1d 10 0d 27 
11 1d 10 12 00 
11 1d 10 12 0f 
11 1d 10 12 27 
11 1d 10 13 0f 
11 1d 10 14 00 
11 1d 10 14 0f 
11 1d 10 14 27 
11 1d 10 15 01 
11 1d 10 15 0f 
11 1d 10 15 20 
11 1d 10 15 27 
11 1d 10 18 00 
11 1d 10 18 01 
11 1d 10 18 0f 
11 1d 10 18 20 
11 1d 10 19 00 
11 1d 10 19 0f 
11 1d 10 19 1f 
11 1d 10 1a 09 
11 1d 10 1a 27 
11 1d 10 25 09 
11 1d 10 25 0f 
11 1d 14 04 10 
11 1d 14 04 18 
11 1d 14 04 1f 
11 1d 14 12 08 
11 1d 14 12 1f 
11 1d 14 13 18 
11 1d 14 15 10 
11 1d 14 15 18 
11 1d 14 15 1f 
11 1d 14 19 08 
11 1d 14 19 27 
11 1d 14 1a 01 
11 1d 14 1a 27 
11 1d 15 03 
11 1d 15 14 
11 1d 15 24 
11 1d 16 03 
11 1d 16 0d 20 
11 1d 16 15 11 
11 1d 16 18 10 
11 1d 16 18 20 
11 1d 16 19 20 
11 1d 16 24 
11 1d 17 04 09 
11 1d 17 04 12 
11 1d 17 04 27 
11 1d 17 0b 1f 
11 1d 17 0b 20 
11 1d 17 0d 09 
11 1d 17 0d 20 
11 1d 17 12 01 
11 1d 17 18 00 
11 1d 17 18 01 
11 1d 17 18 09 
11 1d 17 18 15 
11 1d 17 18 20 
11 1d 17 1a 01 
11 1d 17 1c 01 
11 1d 17 1c 20 
11 1d 17 25 00 
11 1d 17 25 09 
11 1d 18 04 08 
11 1d 18 04 14 
11 1d 18 13 08 
11 1d 18 13 14 
11 1d 18 15 08 
11 1d 18 15 14 
11 1d 18 18 08 
11 1d 19 04 08 
11 1d 19 0d 
11 1d 19 13 08 
11 1d 19 15 08 
11 1d 19 18 08 
11 1d 19 19 08 
11 1d 19 1a 01 
11 1d 19 1b 08 
11 1d 1e 0b 
11 1d 1e 14 
11 1d 1e 24 
11 1d 1e 26 
11 1d 1f 04 09 
11 1d 1f 04 14 
11 1d 1f 04 27 
11 1d 1f 0b 17 
11 1d 1f 12 14 
11 1d 1f 12 18 
11 1d 1f 14 18 
11 1d 1f 15 14 
11 1d 1f 18 00 
11 1d 1f 18 08 
11 1d 1f 18 09 
11 1d 1f 18 0f 
11 1d 1f 18 18 
11 1d 1f 18 27 
11 1d 1f 19 08 
11 1d 1f 19 09 
11 1d 1f 19 0f 
11 1d 1f 19 14 
11 1d 1f 19 27 
11 1d 1f 1c 27 
11 1d 1f 24 17 
11 1d 20 04 27 
11 1d 20 0c 10 
11 1d 20 0d 10 
11 1d 20 12 10 
11 1d 20 13 08 
11 1d 20 14 10 
11 1d 20 15 10 
11 1d 20 18 08 
11 1d 20 18 10 
11 1d 20 18 1f 
11 1d 20 19 10 
11 1d 20 19 1f 
11 1d 20 1a 01 
11 1d 27 04 10 
11 1d 27 04 21 
11 1d 27 0b 21 
11 1d 27 0d 10 
11 1d 27 0d 21 
11 1d 27 12 10 
11 1d 27 14 10 
11 1d 27 15 10 
11 1d 27 15 17 
11 1d 27 19 00 
11 1d 27 19 01 
11 1d 27 19 08 
11 1d 27 19 1f 
11 1d 27 1a 01 
11 1d 27 1a 09 
11 1d 27 25 08 
11 1d 27 25 16 
11 24 00 14 18 
11 24 00 15 08 
11 24 00 15 18 
11 24 00 15 1e 
11 24 00 1a 08 
11 24 00 1a 27 
11 24 00 1b 27 
11 24 00 20 08 
11 24 00 20 10 
11 24 00 20 1f 
11 24 00 20 27 
11 24 00 25 20 
11 24 00 26 08 
11 24 00 27 08 
11 24 00 27 0a 
11 24 00 27 1f 
11 24 01 04 07 
11 24 01 0c 
11 24 01 14 08 
11 24 01 14 1f 
11 24 01 15 08 
11 24 01 15 19 
11 24 01 1a 07 
11 24 01 1a 08 
11 24 01 1a 14 
11 24 01 1a 17 
11 24 01 1a 19 
11 24 01 1a 1f 
11 24 01 1a 20 
11 24 01 1a 27 
11 24 01 1d 
11 24 01 27 08 
11 24 01 27 27 
11 24 08 0d 17 
11 24 08 0d 1e 
11 24 08 0d 20 
11 24 08 13 27 
11 24 08 14 01 
11 24 08 14 02 
11 24 08 1a 00 
11 24 08 1a 01 
11 24 08 1a 17 
11 24 08 20 00 
11 24 08 20 01 
11 24 08 20 14 
11 24 08 20 17 
11 24 08 20 19 
11 24 08 20 27 
11 24 08 25 00 
11 24 08 25 01 
11 24 08 26 00 
11 24 08 27 00 
11 24 08 27 01 
11 24 08 27 17 
11 24 08 27 19 
11 24 09 0b 1f 
11 24 09 13 01 
11 24 09 13 1f 
11 24 09 14 1f 
11 24 09 1a 27 
11 24 09 1b 27 
11 24 09 20 14 
11 24 0a 03 
11 24 0a 0b 
11 24 0a 0d 
11 24 0a 1a 
11 24 0a 1d 
11 24 0a 27 00 
11 24 0f 04 
11 24 0f 14 
11 24 0f 15 
11 24 0f 1d 
11 24 0f 20 10 
11 24 14 03 01 
11 24 14 0d 27 
11 24 14 13 17 
11 24 14 1a 01 
11 24 14 1a 27 
11 24 14 20 08 
11 24 14 20 27 
11 24 15 14 
11 24 15 1b 
11 24 15 1d 
11 24 16 03 
11 24 16 13 10 
11 24 16 1d 
11 24 16 20 20 
11 24 16 25 
11 24 16 27 18 
11 24 17 0d 20 
11 24 17 13 16 
11 24 17 13 1f 
11 24 17 14 27 
11 24 17 1a 01 
11 24 17 1d 1f 
11 24 17 24 00 
11 24 17 27 1f 
11 24 18 0d 1e 
11 24 18 14 00 
11 24 18 1a 00 
11 24 18 1b 00 
11 24 18 27 16 
11 24 19 15 01 
11 24 19 1a 01 
11 24 19 1c 00 
11