08 04 01 00 00 04 
08 04 01 00 04 0b 
08 04 01 00 06 04 
08 04 01 00 07 04 
08 04 01 00 0a 03 
08 04 01 00 0c 03 
08 04 01 00 0e 03 
08 04 01 00 10 04 
08 04 01 00 11 0b 
08 04 01 00 16 0b 
08 04 01 00 20 04 
08 04 01 00 
08 04 01 01 04 04 
08 04 01 01 0e 05 
08 04 01 01 10 05 
08 04 01 01 11 0b 
08 04 01 01 16 0b 
08 04 01 01 
08 04 01 02 00 00 
08 04 01 02 06 00 
08 04 01 02 10 00 
08 04 01 02 16 00 
08 04 01 03 04 01 
08 04 01 03 0a 00 
08 04 01 03 0d 0b 
08 04 01 03 0e 00 
08 04 01 03 0f 00 
08 04 01 03 11 01 
08 04 01 03 19 0b 
08 04 01 03 27 0b 
08 04 01 03 
08 04 01 04 00 00 
08 04 01 04 04 00 
08 04 01 04 07 00 
08 04 01 04 0a 00 
08 04 01 04 0c 00 
08 04 01 04 0d 0d 
08 04 01 04 0e 02 
08 04 01 04 10 00 
08 04 01 04 11 01 
08 04 01 04 1f 00 
08 04 01 04 20 00 
08 04 01 04 
08 04 01 0b 05 
08 04 01 0b 06 
08 04 01 0b 07 
08 04 01 0b 08 
08 04 01 0b 0a 
08 04 01 0b 0b 
08 04 01 0b 0c 
08 04 01 0b 0d 
08 04 01 0b 0e 01 
08 04 01 0b 0e 
08 04 01 0b 10 00 
08 04 01 0b 11 00 
08 04 01 0b 16 00 
08 04 01 0b 1f 00 
08 04 01 0b 20 0e 
08 04 01 0b 27 
08 04 01 0d 00 00 
08 04 01 0d 00 
08 04 01 0d 04 00 
08 04 01 0d 04 
08 04 01 0d 07 00 
08 04 01 0d 0a 
08 04 01 0d 0b 
08 04 01 0d 0c 
08 04 01 0d 0f 
08 04 01 0d 10 01 
08 04 01 0d 11 02 
08 04 01 0d 17 
08 04 01 0d 18 00 
08 04 01 0d 1f 00 
08 04 01 0d 20 01 
08 04 01 0d 20 
08 04 01 0e 00 00 
08 04 01 0e 07 00 
08 04 01 0e 0a 00 
08 04 01 0e 0c 00 
08 04 01 0e 0c 
08 04 01 0e 0e 01 
08 04 01 0e 0e 
08 04 01 0e 10 00 
08 04 01 0e 11 02 
08 04 01 0e 17 01 
08 04 01 0e 19 02 
08 04 01 0e 1f 00 
08 04 01 0e 20 00 
08 04 01 0e 27 02 
08 04 01 13 00 00 
08 04 01 13 04 02 
08 04 01 13 04 
08 04 01 13 05 
08 04 01 13 06 
08 04 01 13 09 00 
08 04 01 13 0a 00 
08 04 01 13 0b 
08 04 01 13 0c 
08 04 01 13 0d 02 
08 04 01 13 0e 01 
08 04 01 13 0e 
08 04 01 13 0f 
08 04 01 13 10 00 
08 04 01 13 16 02 
08 04 01 13 17 01 
08 04 01 13 17 
08 04 01 13 1f 00 
08 04 01 13 20 00 
08 04 01 13 27 02 
08 04 01 13 
08 04 01 14 04 00 
08 04 01 14 0a 00 
08 04 01 14 0c 00 
08 04 01 14 19 0b 
08 04 01 14 27 0b 
08 04 01 1b 04 00 
08 04 01 1b 04 
08 04 01 1b 05 00 
08 04 01 1b 05 
08 04 01 1b 06 
08 04 01 1b 07 00 
08 04 01 1b 07 
08 04 01 1b 0a 00 
08 04 01 1b 0a 
08 04 01 1b 0b 00 
08 04 01 1b 0b 
08 04 01 1b 0c 00 
08 04 01 1b 0c 
08 04 01 1b 0d 02 
08 04 01 1b 0d 
08 04 01 1b 0e 
08 04 01 1b 0f 00 
08 04 01 1b 0f 
08 04 01 1b 10 00 
08 04 01 1b 10 
08 04 01 1b 11 0b 
08 04 01 1b 11 
08 04 01 1b 16 
08 04 01 1b 17 01 
08 04 01 1b 17 
08 04 01 1b 18 
08 04 01 1b 19 
08 04 01 1b 1f 00 
08 04 01 1b 1f 
08 04 01 1b 20 00 
08 04 01 1b 27 
08 04 01 1c 00 00 
08 04 01 1c 04 00 
08 04 01 1c 04 
08 04 01 1c 05 
08 04 01 1c 06 01 
08 04 01 1c 06 
08 04 01 1c 10 00 
08 04 01 1c 17 01 
08 04 01 1d 00 
08 04 01 1d 0c 00 
08 04 01 1d 11 01 
08 04 01 1d 19 0d 
08 04 01 1d 20 00 
08 04 01 24 04 00 
08 04 01 24 0a 00 
08 04 01 24 0c 00 
08 04 01 24 10 00 
08 04 01 24 20 00 
08 04 01 24 27 02 
08 04 01 25 06 01 
08 04 01 25 0a 
08 04 01 25 0c 
08 04 01 25 0e 01 
08 04 01 25 0e 
08 04 01 25 0f 
08 04 01 25 10 01 
08 04 01 25 11 
08 04 01 25 18 01 
08 04 01 25 1f 02 
08 04 01 25 20 01 
08 04 01 25 
08 04 01 
08 04 02 00 01 04 
08 04 02 00 0d 03 
08 04 02 00 0e 03 
08 04 02 00 10 0d 
08 04 02 00 17 0b 
08 04 02 00 18 04 
08 04 02 01 01 04 
08 04 02 01 0d 04 
08 04 02 02 01 00 
08 04 02 02 07 00 
08 04 02 02 0a 00 
08 04 02 02 0b 
08 04 02 02 0d 00 
08 04 02 02 0d 
08 04 02 02 0f 
08 04 02 02 10 07 
08 04 02 02 17 07 
08 04 02 02 18 00 
08 04 02 02 18 
08 04 02 04 01 00 
08 04 02 04 0a 00 
08 04 02 04 0d 00 
08 04 02 04 0e 00 
08 04 02 04 10 0d 
08 04 02 04 17 0b 
08 04 02 04 18 00 
08 04 02 04 1f 00 
08 04 02 0b 06 
08 04 02 0b 0a 01 
08 04 02 0b 0b 
08 04 02 0b 0c 
08 04 02 0b 0d 
08 04 02 0b 0e 
08 04 02 0b 10 08 
08 04 02 0b 11 0d 
08 04 02 0b 17 01 
08 04 02 0b 20 0d 
08 04 02 0b 27 08 
08 04 02 0d 01 01 
08 04 02 0d 0b 
08 04 02 0d 0c 
08 04 02 0d 0d 00 
08 04 02 0d 0f 
08 04 02 0d 10 01 
08 04 02 0d 17 01 
08 04 02 0d 17 
08 04 02 0d 18 00 
08 04 02 0e 01 00 
08 04 02 0e 0b 
08 04 02 0e 0d 00 
08 04 02 0e 0e 00 
08 04 02 0e 10 00 
08 04 02 0e 18 00 
08 04 02 0e 1f 00 
08 04 02 0e 20 02 
08 04 02 13 01 00 
08 04 02 13 06 
08 04 02 13 09 00 
08 04 02 13 09 
08 04 02 13 0a 00 
08 04 02 13 0b 00 
08 04 02 13 0d 
08 04 02 13 0e 
08 04 02 13 0f 
08 04 02 13 17 
08 04 02 13 18 00 
08 04 02 13 18 
08 04 02 13 1f 00 
08 04 02 14 0e 
08 04 02 14 20 
08 04 02 1b 01 01 
08 04 02 1b 06 00 
08 04 02 1b 06 
08 04 02 1b 0a 
08 04 02 1b 0d 00 
08 04 02 1b 0d 
08 04 02 1b 0e 00 
08 04 02 1b 0e 
08 04 02 1b 0f 
08 04 02 1b 17 
08 04 02 1b 18 00 
08 04 02 1b 18 
08 04 02 1b 19 
08 04 02 1b 1f 00 
08 04 02 1b 1f 
08 04 02 1b 20 02 
08 04 02 1b 20 
08 04 02 1b 27 
08 04 02 1c 01 00 
08 04 02 1c 06 
08 04 02 1c 0a 00 
08 04 02 1c 0c 
08 04 02 1c 0d 
08 04 02 1c 0f 
08 04 02 1c 10 0d 
08 04 02 1d 01 01 
08 04 02 1d 0e 01 
08 04 02 1d 0e 
08 04 02 1d 17 02 
08 04 02 1d 27 02 
08 04 02 24 01 00 
08 04 02 24 06 
08 04 02 24 0a 
08 04 02 24 0b 
08 04 02 24 0e 
08 04 02 24 0f 
08 04 02 24 17 
08 04 02 24 18 
08 04 02 25 01 01 
08 04 02 25 0d 01 
08 04 02 25 0d 
08 04 02 25 0e 
08 04 02 25 0f 
08 04 0a 00 00 03 
08 04 0a 00 01 03 
08 04 0a 00 0e 03 
08 04 0a 00 16 03 
08 04 0a 00 18 03 
08 04 0a 00 20 0b 
08 04 0a 00 
08 04 0a 01 00 00 
08 04 0a 01 01 00 
08 04 0a 01 02 02 
08 04 0a 01 0c 00 
08 04 0a 01 0e 00 
08 04 0a 01 0e 
08 04 0a 01 11 00 
08 04 0a 01 16 02 
08 04 0a 01 17 02 
08 04 0a 01 18 05 
08 04 0a 01 19 00 
08 04 0a 01 20 03 
08 04 0a 01 27 05 
08 04 0a 01 27 
08 04 0a 02 00 00 
08 04 0a 02 02 00 
08 04 0a 02 0c 
08 04 0a 02 16 00 
08 04 0a 02 17 00 
08 04 0a 02 18 00 
08 04 0a 02 27 06 
08 04 0a 03 00 00 
08 04 0a 03 01 00 
08 04 0a 03 0d 00 
08 04 0a 03 17 00 
08 04 0a 03 18 00 
08 04 0a 03 19 00 
08 04 0a 03 1f 1c 
08 04 0a 03 20 01 
08 04 0a 03 27 07 
08 04 0a 03 
08 04 0a 0b 01 
08 04 0a 0b 02 01 
08 04 0a 0b 0c 00 
08 04 0a 0b 0d 
08 04 0a 0b 0e 
08 04 0a 0b 10 02 
08 04 0a 0b 11 
08 04 0a 0b 18 00 
08 04 0a 0b 19 
08 04 0a 0b 20 00 
08 04 0a 0b 27 
08 04 0a 0c 01 00 
08 04 0a 0c 0c 00 
08 04 0a 0c 11 00 
08 04 0a 0c 18 00 
08 04 0a 0c 19 00 
08 04 0a 0d 01 
08 04 0a 0d 0c 
08 04 0a 0d 0d 
08 04 0a 0d 17 
08 04 0a 0d 18 00 
08 04 0a 0d 19 00 
08 04 0a 0d 20 02 
08 04 0a 0e 01 00 
08 04 0a 0e 18 00 
08 04 0a 0e 19 00 
08 04 0a 0e 20 02 
08 04 0a 0e 27 02 
08 04 0a 13 02 00 
08 04 0a 13 0d 00 
08 04 0a 13 0d 
08 04 0a 13 0e 
08 04 0a 13 10 00 
08 04 0a 13 11 00 
08 04 0a 13 16 00 
08 04 0a 13 17 
08 04 0a 13 18 00 
08 04 0a 13 27 02 
08 04 0a 14 01 00 
08 04 0a 14 0c 00 
08 04 0a 15 02 01 
08 04 0a 15 0c 
08 04 0a 15 0d 02 
08 04 0a 15 0e 
08 04 0a 15 11 
08 04 0a 15 16 01 
08 04 0a 15 17 01 
08 04 0a 15 1f 
08 04 0a 1c 02 00 
08 04 0a 1c 0c 00 
08 04 0a 1c 0c 
08 04 0a 1c 0e 
08 04 0a 1c 0f 00 
08 04 0a 1d 16 18 
08 04 0a 25 01 
08 04 0a 25 08 
08 04 0a 25 0c 
08 04 0a 25 0d 
08 04 0a 25 0e 
08 04 0a 25 10 01 
08 04 0a 25 11 
08 04 0a 25 16 01 
08 04 0a 25 18 01 
08 04 0a 25 18 
08 04 0a 
08 04 0b 00 00 0b 
08 04 0b 00 08 03 
08 04 0b 00 11 
08 04 0b 00 1f 04 
08 04 0b 01 00 04 
08 04 0b 01 00 
08 04 0b 01 08 0b 
08 04 0b 01 0c 
08 04 0b 01 10 04 
08 04 0b 01 19 
08 04 0b 01 1f 04 
08 04 0b 01 20 
08 04 0b 02 02 
08 04 0b 02 08 00 
08 04 0b 02 0f 
08 04 0b 02 10 
08 04 0b 02 16 
08 04 0b 02 18 05 
08 04 0b 03 00 01 
08 04 0b 03 08 00 
08 04 0b 03 10 01 
08 04 0b 03 10 
08 04 0b 03 11 00 
08 04 0b 03 17 00 
08 04 0b 03 19 
08 04 0b 03 1f 01 
08 04 0b 03 1f 
08 04 0b 03 20 
08 04 0b 0b 01 
08 04 0b 0b 02 
08 04 0b 0b 0c 00 
08 04 0b 0b 0c 
08 04 0b 0b 0d 
08 04 0b 0b 10 00 
08 04 0b 0b 11 
08 04 0b 0b 16 
08 04 0b 0b 17 01 
08 04 0b 0b 19 
08 04 0b 0b 1f 
08 04 0b 0b 20 
08 04 0b 0b 27 
08 04 0b 0c 01 
08 04 0b 0c 08 00 
08 04 0b 0c 0c 00 
08 04 0b 0c 0f 
08 04 0b 0c 10 00 
08 04 0b 0c 17 01 
08 04 0b 0c 1f 
08 04 0b 0c 20 
08 04 0b 0d 01 
08 04 0b 0d 02 
08 04 0b 0d 0c 
08 04 0b 0d 0e 
08 04 0b 0d 0f 
08 04 0b 0d 10 00 
08 04 0b 0d 10 
08 04 0b 0d 16 
08 04 0b 0d 17 
08 04 0b 0d 18 00 
08 04 0b 0d 18 
08 04 0b 0d 1f 
08 04 0b 0d 27 
08 04 0b 0e 02 
08 04 0b 0e 0d 
08 04 0b 0e 10 
08 04 0b 0e 11 
08 04 0b 0e 16 
08 04 0b 0e 19 01 
08 04 0b 0e 1f 
08 04 0b 0e 20 
08 04 0b 13 02 00 
08 04 0b 13 0c 00 
08 04 0b 13 0c 
08 04 0b 13 0e 
08 04 0b 13 0f 
08 04 0b 14 0c 00 
08 04 0b 15 08 
08 04 0b 15 0c 
08 04 0b 15 0f 
08 04 0b 15 27 02 
08 04 0b 1b 01 00 
08 04 0b 1b 01 
08 04 0b 1b 08 03 
08 04 0b 1b 08 
08 04 0b 1b 0c 00 
08 04 0b 1b 0c 
08 04 0b 1b 0d 
08 04 0b 1b 0e 
08 04 0b 1b 0f 
08 04 0b 1b 10 00 
08 04 0b 1b 11 00 
08 04 0b 1b 16 00 
08 04 0b 1b 19 00 
08 04 0b 1b 20 00 
08 04 0b 1c 08 00 
08 04 0b 1c 0c 00 
08 04 0b 1c 0c 
08 04 0b 1c 0e 
08 04 0b 1c 0f 
08 04 0b 1c 10 00 
08 04 0b 1c 16 00 
08 04 0b 1c 19 00 
08 04 0b 1c 20 00 
08 04 0b 1d 1f 0b 
08 04 0b 24 10 00 
08 04 0b 25 08 
08 04 0b 25 0c 
08 04 0b 25 0e 
08 04 0b 25 0f 
08 04 0b 25 10 01 
08 04 0b 25 10 
08 04 0b 25 18 
08 04 0c 00 00 03 
08 04 0c 00 01 03 
08 04 0c 00 18 03 
08 04 0c 00 20 03 
08 04 0c 00 27 03 
08 04 0c 01 20 05 
08 04 0c 01 27 04 
08 04 0c 02 00 
08 04 0c 02 10 00 
08 04 0c 02 11 
08 04 0c 02 17 
08 04 0c 02 18 
08 04 0c 02 1f 00 
08 04 0c 02 27 00 
08 04 0c 02 27 
08 04 0c 0b 01 
08 04 0c 0b 08 
08 04 0c 0b 09 
08 04 0c 0b 11 
08 04 0c 0b 18 
08 04 0c 0b 19 
08 04 0c 0b 20 
08 04 0c 0b 27 
08 04 0c 0c 10 00 
08 04 0c 0c 11 
08 04 0c 0c 18 
08 04 0c 0c 19 
08 04 0c 0c 27 
08 04 0c 0d 01 
08 04 0c 0d 08 
08 04 0c 0d 09 01 
08 04 0c 0d 09 
08 04 0c 0d 10 01 
08 04 0c 0d 10 
08 04 0c 0d 11 
08 04 0c 0d 17 01 
08 04 0c 0d 17 
08 04 0c 0d 18 00 
08 04 0c 0d 19 
08 04 0c 0d 27 
08 04 0c 0e 01 00 
08 04 0c 0e 01 
08 04 0c 0e 09 00 
08 04 0c 0e 10 00 
08 04 0c 0e 11 
08 04 0c 0e 17 01 
08 04 0c 0e 18 00 
08 04 0c 13 08 
08 04 0c 13 10 
08 04 0c 13 17 
08 04 0c 13 18 00 
08 04 0c 13 18 
08 04 0c 13 19 
08 04 0c 13 1f 
08 04 0c 13 27 
08 04 0c 14 01 00 
08 04 0c 15 08 00 
08 04 0c 15 08 
08 04 0c 15 10 
08 04 0c 15 17 
08 04 0c 15 18 00 
08 04 0c 15 18 
08 04 0c 15 19 
08 04 0c 1b 01 00 
08 04 0c 1b 01 
08 04 0c 1b 08 00 
08 04 0c 1b 08 
08 04 0c 1b 10 00 
08 04 0c 1b 10 
08 04 0c 1b 11 00 
08 04 0c 1b 17 
08 04 0c 1b 18 
08 04 0c 1b 19 00 
08 04 0c 1b 19 
08 04 0c 1b 1f 
08 04 0c 1b 20 00 
08 04 0c 1b 20 
08 04 0c 1b 27 
08 04 0c 1c 08 
08 04 0c 1c 10 00 
08 04 0c 1c 17 
08 04 0c 1c 19 
08 04 0c 1c 1f 
08 04 0c 1c 20 00 
08 04 0c 1d 01 00 
08 04 0c 1d 09 00 
08 04 0c 24 08 
08 04 0c 24 10 
08 04 0c 24 11 
08 04 0c 24 17 
08 04 0c 24 18 
08 04 0c 25 01 
08 04 0c 25 10 01 
08 04 0c 25 18 
08 04 0c 25 19 
08 04 0c 25 1f 
08 04 0c 25 20 
08 04 0c 25 27 
08 04 0c 
08 04 0d 00 00 01 
08 04 0d 00 0a 02 
08 04 0d 00 10 03 
08 04 0d 00 11 01 
08 04 0d 00 16 01 
08 04 0d 00 18 01 
08 04 0d 00 19 
08 04 0d 00 1f 02 
08 04 0d 00 20 04 
08 04 0d 00 27 
08 04 0d 01 00 04 
08 04 0d 01 02 04 
08 04 0d 01 0a 0b 
08 04 0d 01 10 04 
08 04 0d 01 18 04 
08 04 0d 01 19 06 
08 04 0d 01 
08 04 0d 02 00 00 
08 04 0d 02 02 00 
08 04 0d 02 02 
08 04 0d 02 08 
08 04 0d 02 0a 00 
08 04 0d 02 10 0c 
08 04 0d 02 11 
08 04 0d 02 16 00 
08 04 0d 02 18 00 
08 04 0d 02 18 
08 04 0d 03 00 24 
08 04 0d 03 01 0b 
08 04 0d 03 0a 01 
08 04 0d 03 0c 00 
08 04 0d 03 10 02 
08 04 0d 03 11 00 
08 04 0d 03 11 
08 04 0d 03 17 00 
08 04 0d 03 18 00 
08 04 0d 03 19 0b 
08 04 0d 03 20 07 
08 04 0d 0b 01 
08 04 0d 0b 02 
08 04 0d 0b 09 
08 04 0d 0b 0a 00 
08 04 0d 0b 0b 
08 04 0d 0b 11 
08 04 0d 0b 16 
08 04 0d 0b 18 
08 04 0d 0b 1f 0c 
08 04 0d 0b 20 
08 04 0d 0c 08 
08 04 0d 0c 0a 02 
08 04 0d 0c 10 00 
08 04 0d 0c 18 00 
08 04 0d 0c 19 02 
08 04 0d 0c 1f 09 
08 04 0d 0d 02 00 
08 04 0d 0d 0a 02 
08 04 0d 0d 0c 
08 04 0d 0d 10 03 
08 04 0d 0d 11 
08 04 0d 0d 17 
08 04 0d 0d 18 00 
08 04 0d 0d 19 
08 04 0d 0d 1f 0b 
08 04 0d 0e 02 00 
08 04 0d 0e 0a 02 
08 04 0d 0e 0b 
08 04 0d 0e 10 03 
08 04 0d 0e 11 
08 04 0d 0e 17 01 
08 04 0d 0e 18 00 
08 04 0d 0e 19 02 
08 04 0d 0e 20 02 
08 04 0d 13 02 
08 04 0d 13 08 
08 04 0d 13 09 
08 04 0d 13 0c 
08 04 0d 13 10 
08 04 0d 13 16 
08 04 0d 13 17 
08 04 0d 13 19 00 
08 04 0d 13 20 00 
08 04 0d 13 27 
08 04 0d 15 01 02 
08 04 0d 15 02 
08 04 0d 15 08 
08 04 0d 15 10 00 
08 04 0d 15 10 
08 04 0d 15 16 
08 04 0d 15 19 02 
08 04 0d 15 1f 0b 
08 04 0d 15 20 02 
08 04 0d 15 20 
08 04 0d 15 27 
08 04 0d 1b 01 02 
08 04 0d 1b 01 
08 04 0d 1b 02 00 
08 04 0d 1b 02 
08 04 0d 1b 08 
08 04 0d 1b 09 00 
08 04 0d 1b 09 
08 04 0d 1b 0a 03 
08 04 0d 1b 0a 
08 04 0d 1b 0b 
08 04 0d 1b 0c 
08 04 0d 1b 10 1c 
08 04 0d 1b 11 00 
08 04 0d 1b 16 00 
08 04 0d 1b 16 
08 04 0d 1b 18 
08 04 0d 1b 19 
08 04 0d 1b 1f 
08 04 0d 1b 20 
08 04 0d 1b 27 
08 04 0d 1c 02 
08 04 0d 1c 08 
08 04 0d 1c 09 
08 04 0d 1c 0c 
08 04 0d 1c 16 
08 04 0d 1c 19 
08 04 0d 1c 1f 
08 04 0d 1c 20 
08 04 0d 1d 10 02 
08 04 0d 1d 27 
08 04 0d 24 08 
08 04 0d 24 09 
08 04 0d 24 0a 00 
08 04 0d 24 0c 
08 04 0d 24 17 
08 04 0d 24 1f 02 
08 04 0d 25 02 01 
08 04 0d 25 02 
08 04 0d 25 08 
08 04 0d 25 0a 01 
08 04 0d 25 0a 
08 04 0d 25 0c 
08 04 0d 25 10 02 
08 04 0d 25 11 01 
08 04 0d 25 16 01 
08 04 0d 25 17 01 
08 04 0d 25 18 
08 04 0d 25 19 02 
08 04 0d 25 1f 
08 04 0d 25 20 
08 04 0d 
08 04 0e 00 00 1b 
08 04 0e 00 01 01 
08 04 0e 00 0a 00 
08 04 0e 00 0b 00 
08 04 0e 00 10 01 
08 04 0e 00 11 01 
08 04 0e 00 16 
08 04 0e 00 19 01 
08 04 0e 00 1f 01 
08 04 0e 00 20 01 
08 04 0e 01 01 05 
08 04 0e 01 0b 
08 04 0e 01 19 04 
08 04 0e 02 00 00 
08 04 0e 02 08 
08 04 0e 02 0a 00 
08 04 0e 02 0b 
08 04 0e 02 10 00 
08 04 0e 02 11 06 
08 04 0e 02 11 
08 04 0e 02 27 00 
08 04 0e 03 01 00 
08 04 0e 03 0a 00 
08 04 0e 03 0c 00 
08 04 0e 03 10 00 
08 04 0e 03 11 00 
08 04 0e 03 11 
08 04 0e 03 19 00 
08 04 0e 03 1f 00 
08 04 0e 03 1f 
08 04 0e 03 20 00 
08 04 0e 03 27 00 
08 04 0e 0b 01 01 
08 04 0e 0b 01 
08 04 0e 0b 02 
08 04 0e 0b 09 
08 04 0e 0b 0a 
08 04 0e 0b 0b 00 
08 04 0e 0b 0b 
08 04 0e 0b 10 00 
08 04 0e 0b 11 00 
08 04 0e 0b 11 
08 04 0e 0b 16 
08 04 0e 0b 19 00 
08 04 0e 0b 19 
08 04 0e 0b 27 
08 04 0e 0c 01 01 
08 04 0e 0c 01 
08 04 0e 0c 08 
08 04 0e 0c 0a 00 
08 04 0e 0c 0b 00 
08 04 0e 0c 10 00 
08 04 0e 0c 11 
08 04 0e 0c 19 00 
08 04 0e 0c 1f 00 
08 04 0e 0c 27 00 
08 04 0e 0e 01 01 
08 04 0e 0e 01 
08 04 0e 0e 02 00 
08 04 0e 0e 10 01 
08 04 0e 0e 16 01 
08 04 0e 0e 18 00 
08 04 0e 0e 19 00 
08 04 0e 0e 1f 00 
08 04 0e 0e 27 00 
08 04 0e 13 02 
08 04 0e 13 08 
08 04 0e 13 0a 00 
08 04 0e 13 0b 00 
08 04 0e 13 0b 
08 04 0e 13 0c 
08 04 0e 13 10 
08 04 0e 13 11 01 
08 04 0e 13 16 02 
08 04 0e 13 16 
08 04 0e 13 17 01 
08 04 0e 13 17 
08 04 0e 13 18 01 
08 04 0e 13 18 
08 04 0e 13 19 00 
08 04 0e 13 19 
08 04 0e 13 1f 
08 04 0e 13 27 
08 04 0e 14 02 
08 04 0e 14 0b 00 
08 04 0e 14 16 
08 04 0e 14 19 00 
08 04 0e 15 02 00 
08 04 0e 15 08 
08 04 0e 15 0a 
08 04 0e 15 0b 
08 04 0e 15 11 01 
08 04 0e 15 16 00 
08 04 0e 15 18 02 
08 04 0e 15 19 00 
08 04 0e 15 1f 00 
08 04 0e 15 27 02 
08 04 0e 1b 01 
08 04 0e 1b 02 00 
08 04 0e 1b 02 
08 04 0e 1b 08 
08 04 0e 1b 0a 
08 04 0e 1b 0b 00 
08 04 0e 1b 0b 
08 04 0e 1b 0c 
08 04 0e 1b 10 
08 04 0e 1b 11 00 
08 04 0e 1b 16 00 
08 04 0e 1b 16 
08 04 0e 1b 18 00 
08 04 0e 1b 18 
08 04 0e 1b 19 00 
08 04 0e 1b 19 
08 04 0e 1b 1f 00 
08 04 0e 1b 1f 
08 04 0e 1b 20 
08 04 0e 1b 27 
08 04 0e 1c 08 
08 04 0e 1c 0a 00 
08 04 0e 1c 0b 00 
08 04 0e 1c 0b 
08 04 0e 1c 0c 
08 04 0e 1c 10 00 
08 04 0e 1c 16 
08 04 0e 1c 19 
08 04 0e 1d 02 01 
08 04 0e 1d 02 
08 04 0e 1d 27 00 
08 04 0e 24 02 
08 04 0e 24 08 
08 04 0e 24 0b 
08 04 0e 24 0c 
08 04 0e 24 10 00 
08 04 0e 24 11 
08 04 0e 24 16 
08 04 0e 24 17 
08 04 0e 25 01 01 
08 04 0e 25 01 
08 04 0e 25 02 
08 04 0e 25 08 
08 04 0e 25 0b 
08 04 0e 25 0c 
08 04 0e 25 10 01 
08 04 0e 25 11 01 
08 04 0e 25 17 01 
08 04 0e 25 18 
08 04 0e 25 19 01 
08 04 0e 25 1f 
08 04 0e 25 20 
08 04 0e 25 27 01 
08 04 0f 00 00 02 
08 04 0f 00 00 
08 04 0f 00 01 02 
08 04 0f 00 02 
08 04 0f 00 0b 
08 04 0f 00 10 02 
08 04 0f 00 10 
08 04 0f 00 16 
08 04 0f 00 18 
08 04 0f 00 19 02 
08 04 0f 00 1f 
08 04 0f 00 20 02 
08 04 0f 00 27 02 
08 04 0f 01 0b 
08 04 0f 02 02 
08 04 0f 02 0b 
08 04 0f 02 10 00 
08 04 0f 02 16 
08 04 0f 02 18 
08 04 0f 02 27 00 
08 04 0f 02 27 
08 04 0f 03 01 00 
08 04 0f 03 0b 
08 04 0f 03 0c 00 
08 04 0f 03 10 00 
08 04 0f 03 19 00 
08 04 0f 03 1f 00 
08 04 0f 03 20 00 
08 04 0f 03 27 00 
08 04 0f 0b 0a 
08 04 0f 0b 0b 
08 04 0f 0c 01 
08 04 0f 0c 0b 
08 04 0f 0c 10 
08 04 0f 0c 19 
08 04 0f 0c 20 
08 04 0f 0c 27 
08 04 0f 0d 01 
08 04 0f 0d 02 
08 04 0f 0d 0a 
08 04 0f 0d 0b 
08 04 0f 0d 10 01 
08 04 0f 0d 10 
08 04 0f 0d 16 
08 04 0f 0d 17 
08 04 0f 0d 18 00 
08 04 0f 0d 19 
08 04 0f 0d 27 
08 04 0f 13 02 
08 04 0f 13 0c 
08 04 0f 13 10 
08 04 0f 13 16 
08 04 0f 13 17 
08 04 0f 13 18 00 
08 04 0f 13 18 
08 04 0f 13 19 
08 04 0f 13 27 
08 04 0f 15 02 
08 04 0f 15 0c 
08 04 0f 15 10 
08 04 0f 15 11 0a 
08 04 0f 15 16 
08 04 0f 15 18 
08 04 0f 15 19 
08 04 0f 15 1f 00 
08 04 0f 15 20 
08 04 0f 15 27 
08 04 0f 1b 01 00 
08 04 0f 1b 01 
08 04 0f 1b 02 
08 04 0f 1b 0c 
08 04 0f 1b 10 00 
08 04 0f 1b 10 
08 04 0f 1b 16 
08 04 0f 1b 17 01 
08 04 0f 1b 18 
08 04 0f 1b 19 
08 04 0f 1b 1f 
08 04 0f 1b 20 03 
08 04 0f 1b 20 
08 04 0f 1b 27 
08 04 0f 1c 02 
08 04 0f 1c 0c 
08 04 0f 1c 10 00 
08 04 0f 1c 16 
08 04 0f 1c 19 
08 04 0f 1c 1f 
08 04 0f 1c 20 
08 04 0f 24 02 
08 04 0f 24 0b 
08 04 0f 24 0c 
08 04 0f 24 10 
08 04 0f 24 11 
08 04 0f 24 16 
08 04 0f 24 17 
08 04 0f 24 18 
08 04 0f 25 01 
08 04 0f 25 02 
08 04 0f 25 0c 
08 04 0f 25 10 01 
08 04 0f 25 16 
08 04 0f 25 18 
08 04 0f 25 19 
08 04 0f 25 20 
08 04 0f 25 27 
08 04 0f 
08 04 10 00 00 13 
08 04 10 00 01 04 
08 04 10 00 02 04 
08 04 10 00 0d 03 
08 04 10 00 0e 03 
08 04 10 00 18 04 
08 04 10 00 19 0d 
08 04 10 00 1e 04 
08 04 10 00 1f 0d 
08 04 10 00 27 04 
08 04 10 00 
08 04 10 01 00 04 
08 04 10 01 01 05 
08 04 10 01 02 04 
08 04 10 01 0b 04 
08 04 10 01 0d 04 
08 04 10 01 18 04 
08 04 10 01 19 0d 
08 04 10 01 1e 04 
08 04 10 01 1f 04 
08 04 10 01 27 04 
08 04 10 01 
08 04 10 02 00 00 
08 04 10 02 01 00 
08 04 10 02 02 00 
08 04 10 02 0b 
08 04 10 02 0c 00 
08 04 10 02 0d 0c 
08 04 10 02 0e 00 
08 04 10 02 0f 00 
08 04 10 02 12 00 
08 04 10 02 18 00 
08 04 10 02 1e 00 
08 04 10 02 1f 05 
08 04 10 02 27 00 
08 04 10 03 0b 01 
08 04 10 03 0b 
08 04 10 03 0c 02 
08 04 10 03 0d 02 
08 04 10 03 0e 00 
08 04 10 03 0f 00 
08 04 10 03 13 00 
08 04 10 03 19 02 
08 04 10 03 20 00 
08 04 10 0d 01 01 
08 04 10 0d 02 01 
08 04 10 0d 08 01 
08 04 10 0d 08 
08 04 10 0d 0b 00 
08 04 10 0d 0b 
08 04 10 0d 0c 01 
08 04 10 0d 0c 
08 04 10 0d 0d 03 
08 04 10 0d 0f 01 
08 04 10 0d 0f 
08 04 10 0d 13 01 
08 04 10 0d 17 
08 04 10 0d 18 01 
08 04 10 0d 19 01 
08 04 10 0d 19 
08 04 10 0d 1e 01 
08 04 10 0d 1f 00 
08 04 10 0d 1f 
08 04 10 0d 27 01 
08 04 10 0e 01 00 
08 04 10 0e 02 00 
08 04 10 0e 0b 
08 04 10 0e 0c 00 
08 04 10 0e 0d 03 
08 04 10 0e 0e 01 
08 04 10 0e 12 00 
08 04 10 0e 13 00 
08 04 10 0e 18 00 
08 04 10 0e 19 00 
08 04 10 0e 1e 00 
08 04 10 0e 1f 00 
08 04 10 0e 20 02 
08 04 10 0e 27 01 
08 04 10 13 02 00 
08 04 10 13 09 
08 04 10 13 0c 
08 04 10 13 0e 0a 
08 04 10 13 0e 
08 04 10 13 0f 
08 04 10 13 10 
08 04 10 13 12 00 
08 04 10 13 13 0a 
08 04 10 13 14 
08 04 10 13 18 
08 04 10 13 19 0a 
08 04 10 13 19 
08 04 10 13 1e 0a 
08 04 10 13 1f 14 
08 04 10 13 20 0a 
08 04 10 13 27 
08 04 10 1b 01 00 
08 04 10 1b 01 
08 04 10 1b 02 00 
08 04 10 1b 0b 00 
08 04 10 1b 0c 00 
08 04 10 1b 0c 
08 04 10 1b 0d 1c 
08 04 10 1b 0e 
08 04 10 1b 0f 00 
08 04 10 1b 0f 
08 04 10 1b 11 00 
08 04 10 1b 11 
08 04 10 1b 12 00 
08 04 10 1b 12 
08 04 10 1b 13 01 
08 04 10 1b 14 00 
08 04 10 1b 14 
08 04 10 1b 15 00 
08 04 10 1b 15 
08 04 10 1b 18 00 
08 04 10 1b 19 03 
08 04 10 1b 19 
08 04 10 1b 1e 00 
08 04 10 1b 1f 00 
08 04 10 1b 20 
08 04 10 1b 27 02 
08 04 10 1b 27 
08 04 10 1c 01 00 
08 04 10 1c 02 00 
08 04 10 1c 0b 00 
08 04 10 1c 0c 00 
08 04 10 1c 0e 00 
08 04 10 1c 0f 00 
08 04 10 1c 11 00 
08 04 10 1c 12 00 
08 04 10 1c 14 
08 04 10 1c 15 0b 
08 04 10 1c 19 03 
08 04 10 1c 1e 00 
08 04 10 1c 1f 00 
08 04 10 24 01 00 
08 04 10 24 02 00 
08 04 10 24 02 
08 04 10 24 0b 
08 04 10 24 0c 
08 04 10 24 0e 00 
08 04 10 24 0f 
08 04 10 24 14 
08 04 10 24 18 00 
08 04 10 24 1e 00 
08 04 10 24 1f 00 
08 04 10 24 1f 
08 04 10 25 01 01 
08 04 10 25 02 01 
08 04 10 25 0b 01 
08 04 10 25 0b 
08 04 10 25 0c 01 
08 04 10 25 0d 02 
08 04 10 25 0e 01 
08 04 10 25 0f 01 
08 04 10 25 12 01 
08 04 10 25 18 03 
08 04 10 25 19 02 
08 04 10 25 1e 01 
08 04 10 25 1f 02 
08 04 10 25 20 03 
08 04 10 25 27 01 
08 04 11 00 00 0b 
08 04 11 00 01 0b 
08 04 11 00 0d 
08 04 11 00 0e 0b 
08 04 11 00 14 0d 
08 04 11 00 16 04 
08 04 11 00 17 1d 
08 04 11 00 19 13 
08 04 11 00 27 0b 
08 04 11 01 00 04 
08 04 11 01 01 0b 
08 04 11 01 10 0b 
08 04 11 01 19 13 
08 04 11 01 27 04 
08 04 11 02 0c 
08 04 11 02 0d 
08 04 11 02 0e 06 
08 04 11 02 0e 
08 04 11 02 10 00 
08 04 11 02 18 
08 04 11 02 27 04 
08 04 11 03 00 01 
08 04 11 03 01 01 
08 04 11 03 0c 
08 04 11 03 0d 00 
08 04 11 03 0d 
08 04 11 03 0e 00 
08 04 11 03 0e 
08 04 11 03 19 02 
08 04 11 03 27 01 
08 04 11 0b 01 00 
08 04 11 0b 02 0e 
08 04 11 0b 08 
08 04 11 0b 0a 
08 04 11 0b 0c 
08 04 11 0b 0d 
08 04 11 0b 0e 00 
08 04 11 0b 0e 
08 04 11 0b 14 
08 04 11 0b 15 
08 04 11 0b 18 
08 04 11 0b 19 02 
08 04 11 0b 19 
08 04 11 0b 1e 0d 
08 04 11 0b 27 
08 04 11 0b 
08 04 11 0d 01 02 
08 04 11 0d 08 
08 04 11 0d 0c 
08 04 11 0d 0d 
08 04 11 0d 14 00 
08 04 11 0d 14 
08 04 11 0d 16 
08 04 11 0d 18 01 
08 04 11 0d 18 
08 04 11 0d 1e 13 
08 04 11 0e 01 02 
08 04 11 0e 0c 
08 04 11 0e 0d 
08 04 11 0e 10 00 
08 04 11 0e 14 00 
08 04 11 0e 18 00 
08 04 11 0e 19 02 
08 04 11 0e 1e 13 
08 04 11 13 0a 00 
08 04 11 13 0e 01 
08 04 11 13 10 0a 
08 04 11 13 14 00 
08 04 11 13 14 
08 04 11 13 15 
08 04 11 13 16 
08 04 11 13 18 00 
08 04 11 13 19 00 
08 04 11 14 0a 00 
08 04 11 14 0a 
08 04 11 14 0e 00 
08 04 11 14 10 00 
08 04 11 14 14 02 
08 04 11 14 14 
08 04 11 14 15 
08 04 11 14 18 00 
08 04 11 14 19 02 
08 04 11 14 27 00 
08 04 11 1b 01 0b 
08 04 11 1b 01 
08 04 11 1b 02 
08 04 11 1b 0a 00 
08 04 11 1b 0b 
08 04 11 1b 0c 00 
08 04 11 1b 0d 00 
08 04 11 1b 0e 00 
08 04 11 1b 10 
08 04 11 1b 14 
08 04 11 1b 15 00 
08 04 11 1b 15 
08 04 11 1b 19 03 
08 04 11 1b 1e 02 
08 04 11 1b 27 00 
08 04 11 1c 02 
08 04 11 1c 0c 00 
08 04 11 1c 10 00 
08 04 11 1c 16 01 
08 04 11 1c 1e 0d 
08 04 11 1d 01 01 
08 04 11 1d 02 
08 04 11 1d 10 
08 04 11 1d 17 00 
08 04 11 1d 17 
08 04 11 1d 19 03 
08 04 11 1d 27 01 
08 04 11 24 01 00 
08 04 11 25 01 
08 04 11 25 0a 
08 04 11 25 0d 01 
08 04 11 25 0e 01 
08 04 11 25 19 01 
08 04 11 25 19 
08 04 11 25 20 
08 04 11 25 27 
08 04 16 00 0a 03 
08 04 16 00 0d 03 
08 04 16 00 0e 03 
08 04 16 00 1f 0d 
08 04 16 02 0a 00 
08 04 16 02 0b 
08 04 16 02 0d 00 
08 04 16 02 0f 
08 04 16 02 17 00 
08 04 16 02 18 00 
08 04 16 02 1e 00 
08 04 16 02 1e 
08 04 16 0b 0b 
08 04 16 0b 0c 
08 04 16 0b 0d 
08 04 16 0b 0e 
08 04 16 0b 12 
08 04 16 0b 1e 
08 04 16 0b 20 0d 
08 04 16 0b 27 08 
08 04 16 0d 0b 
08 04 16 0d 0c 
08 04 16 0d 0f 
08 04 16 0d 11 01 
08 04 16 0d 18 01 
08 04 16 0d 1f 00 
08 04 16 0e 0b 
08 04 16 0e 0e 01 
08 04 16 0e 11 00 
08 04 16 0e 18 00 
08 04 16 0e 1f 00 
08 04 16 0e 20 01 
08 04 16 13 09 
08 04 16 13 0a 00 
08 04 16 13 0c 00 
08 04 16 13 0d 
08 04 16 13 0e 02 
08 04 16 13 0e 
08 04 16 13 0f 
08 04 16 13 11 0a 
08 04 16 13 12 
08 04 16 13 18 00 
08 04 16 13 18 
08 04 16 13 1e 00 
08 04 16 13 1e 
08 04 16 14 09 
08 04 16 14 0a 00 
08 04 16 14 0d 
08 04 16 14 0e 00 
08 04 16 14 0f 
08 04 16 14 11 00 
08 04 16 14 18 00 
08 04 16 14 20 02 
08 04 16 1b 01 
08 04 16 1b 0a 00 
08 04 16 1b 0a 
08 04 16 1b 0b 00 
08 04 16 1b 0d 00 
08 04 16 1b 0d 
08 04 16 1b 0e 00 
08 04 16 1b 0e 
08 04 16 1b 0f 
08 04 16 1b 11 01 
08 04 16 1b 12 00 
08 04 16 1b 12 
08 04 16 1b 18 00 
08 04 16 1b 18 
08 04 16 1b 19 
08 04 16 1b 1e 00 
08 04 16 1b 1e 
08 04 16 1b 1f 00 
08 04 16 1b 20 
08 04 16 1b 27 
08 04 16 1c 0b 00 
08 04 16 1c 0c 
08 04 16 1c 0d 
08 04 16 1c 0e 
08 04 16 1c 0f 
08 04 16 1c 12 
08 04 16 1d 0a 18 
08 04 16 1d 11 01 
08 04 16 24 0a 
08 04 16 24 0b 
08 04 16 24 0e 
08 04 16 24 0f 
08 04 16 24 12 
08 04 16 24 1e 
08 04 16 25 0a 01 
08 04 16 25 0d 01 
08 04 16 25 0f 
08 04 17 01 00 05 
08 04 17 01 00 
08 04 17 01 0a 05 
08 04 17 01 12 04 
08 04 17 01 18 04 
08 04 17 01 20 05 
08 04 17 02 00 00 
08 04 17 02 0a 00 
08 04 17 02 0c 
08 04 17 02 14 00 
08 04 17 02 18 00 
08 04 17 02 1e 00 
08 04 17 03 0a 00 
08 04 17 03 0b 00 
08 04 17 03 0d 00 
08 04 17 03 11 00 
08 04 17 03 12 01 
08 04 17 03 18 00 
08 04 17 03 1f 01 
08 04 17 03 20 01 
08 04 17 0b 0b 01 
08 04 17 0b 11 
08 04 17 0b 12 00 
08 04 17 0b 13 
08 04 17 0b 18 01 
08 04 17 0b 18 
08 04 17 0b 1e 01 
08 04 17 0b 20 0e 
08 04 17 0d 01 
08 04 17 0d 08 
08 04 17 0d 0a 
08 04 17 0d 0b 
08 04 17 0d 0c 01 
08 04 17 0d 0c 
08 04 17 0d 0d 
08 04 17 0d 0f 
08 04 17 0d 11 00 
08 04 17 0d 18 01 
08 04 17 0d 1e 01 
08 04 17 0d 1e 
08 04 17 0e 01 01 
08 04 17 0e 02 01 
08 04 17 0e 0c 01 
08 04 17 0e 0d 01 
08 04 17 0e 10 00 
08 04 17 0e 11 00 
08 04 17 0e 18 01 
08 04 17 0e 19 02 
08 04 17 0e 1e 01 
08 04 17 0e 1e 
08 04 17 0e 20 01 
08 04 17 0e 27 01 
08 04 17 13 02 
08 04 17 13 09 
08 04 17 13 0a 
08 04 17 13 0c 
08 04 17 13 0d 
08 04 17 13 0e 01 
08 04 17 13 0e 
08 04 17 13 0f 
08 04 17 13 10 
08 04 17 13 11 
08 04 17 13 12 02 
08 04 17 13 13 
08 04 17 13 18 
08 04 17 13 19 
08 04 17 13 1e 
08 04 17 14 01 01 
08 04 17 14 01 
08 04 17 14 02 01 
08 04 17 14 02 
08 04 17 14 09 
08 04 17 14 0c 
08 04 17 14 11 00 
08 04 17 14 11 
08 04 17 14 19 
08 04 17 14 20 01 
08 04 17 14 20 
08 04 17 14 27 01 
08 04 17 1b 01 01 
08 04 17 1b 01 
08 04 17 1b 02 
08 04 17 1b 0a 03 
08 04 17 1b 0c 
08 04 17 1b 0f 01 
08 04 17 1b 10 00 
08 04 17 1b 10 
08 04 17 1b 11 00 
08 04 17 1b 11 
08 04 17 1b 13 00 
08 04 17 1b 13 
08 04 17 1b 19 
08 04 17 1b 1e 
08 04 17 1c 01 01 
08 04 17 1c 02 
08 04 17 1c 0c 
08 04 17 1c 13 
08 04 17 1c 20 
08 04 17 1d 20 19 
08 04 17 24 0a 
08 04 17 24 0b 
08 04 17 24 0c 
08 04 17 24 0d 
08 04 17 24 0e 
08 04 17 24 0f 
08 04 17 24 10 
08 04 17 24 11 
08 04 17 24 13 
08 04 17 24 1e 
08 04 17 24 27 
08 04 17 25 18 01 
08 04 18 00 00 0b 
08 04 18 00 02 04 
08 04 18 00 0a 03 
08 04 18 00 0c 03 
08 04 18 00 0d 03 
08 04 18 00 10 04 
08 04 18 00 1b 04 
08 04 18 01 0a 04 
08 04 18 01 0d 04 
08 04 18 01 10 04 
08 04 18 01 17 04 
08 04 18 01 1b 05 
08 04 18 01 1e 04 
08 04 18 01 20 05 
08 04 18 01 26 04 
08 04 18 02 00 
08 04 18 02 02 00 
08 04 18 02 02 
08 04 18 02 0a 00 
08 04 18 02 0b 05 
08 04 18 02 0c 
08 04 18 02 0d 00 
08 04 18 02 0d 
08 04 18 02 0f 
08 04 18 02 10 00 
08 04 18 02 11 
08 04 18 02 16 00 
08 04 18 02 17 00 
08 04 18 02 1a 00 
08 04 18 02 1b 00 
08 04 18 02 1e 00 
08 04 18 02 26 00 
08 04 18 02 27 
08 04 18 03 0a 00 
08 04 18 03 0d 00 
08 04 18 03 12 00 
08 04 18 03 17 00 
08 04 18 03 1b 01 
08 04 18 03 20 00 
08 04 18 03 26 00 
08 04 18 0b 08 
08 04 18 0b 0c 
08 04 18 0b 0d 
08 04 18 0b 11 
08 04 18 0b 12 
08 04 18 0b 17 01 
08 04 18 0b 17 
08 04 18 0b 1b 00 
08 04 18 0b 1c 
08 04 18 0b 20 03 
08 04 18 0b 26 00 
08 04 18 0b 26 
08 04 18 0b 27 
08 04 18 0d 01 00 
08 04 18 0d 02 00 
08 04 18 0d 0a 01 
08 04 18 0d 0b 00 
08 04 18 0d 0b 
08 04 18 0d 0c 00 
08 04 18 0d 0d 00 
08 04 18 0d 0f 00 
08 04 18 0d 10 01 
08 04 18 0d 11 01 
08 04 18 0d 11 
08 04 18 0d 12 00 
08 04 18 0d 16 01 
08 04 18 0d 17 01 
08 04 18 0d 1b 01 
08 04 18 0d 1d 
08 04 18 0d 1e 01 
08 04 18 0d 20 00 
08 04 18 0d 26 00 
08 04 18 0e 02 00 
08 04 18 0e 0a 00 
08 04 18 0e 0c 00 
08 04 18 0e 0d 00 
08 04 18 0e 0e 00 
08 04 18 0e 10 00 
08 04 18 0e 11 00 
08 04 18 0e 12 00 
08 04 18 0e 16 00 
08 04 18 0e 17 01 
08 04 18 0e 1b 00 
08 04 18 0e 1e 00 
08 04 18 0e 20 00 
08 04 18 0e 26 00 
08 04 18 14 0a 00 
08 04 18 14 11 00 
08 04 18 14 17 01 
08 04 18 14 1e 00 
08 04 18 1b 01 
08 04 18 1b 02 00 
08 04 18 1b 02 
08 04 18 1b 0a 00 
08 04 18 1b 0a 
08 04 18 1b 0b 00 
08 04 18 1b 0c 
08 04 18 1b 0d 
08 04 18 1b 0e 00 
08 04 18 1b 0e 
08 04 18 1b 0f 
08 04 18 1b 10 00 
08 04 18 1b 10 
08 04 18 1b 11 00 
08 04 18 1b 12 00 
08 04 18 1b 12 
08 04 18 1b 16 00 
08 04 18 1b 16 
08 04 18 1b 17 01 
08 04 18 1b 17 
08 04 18 1b 18 
08 04 18 1b 1b 00 
08 04 18 1b 1b 
08 04 18 1b 1c 00 
08 04 18 1b 1c 
08 04 18 1b 1d 
08 04 18 1b 1e 00 
08 04 18 1b 1e 
08 04 18 1b 20 00 
08 04 18 1b 20 
08 04 18 1b 26 00 
08 04 18 1b 26 
08 04 18 1d 02 00 
08 04 18 1d 11 01 
08 04 18 1d 1a 
08 04 18 24 02 
08 04 18 24 0a 
08 04 18 24 0c 
08 04 18 24 0f 
08 04 18 24 10 00 
08 04 18 24 19 
08 04 18 24 1c 
08 04 18 24 1e 
08 04 18 24 26 
08 04 18 
08 04 19 00 0d 04 
08 04 19 00 0e 03 
08 04 19 00 10 0d 
08 04 19 00 11 13 
08 04 19 00 12 0d 
08 04 19 00 17 0b 
08 04 19 00 1f 0b 
08 04 19 00 27 04 
08 04 19 01 00 
08 04 19 01 0a 04 
08 04 19 01 0b 
08 04 19 01 0d 06 
08 04 19 01 0e 04 
08 04 19 01 10 0d 
08 04 19 01 11 13 
08 04 19 01 18 05 
08 04 19 01 27 0d 
08 04 19 02 00 
08 04 19 02 0a 00 
08 04 19 02 0c 00 
08 04 19 02 0d 07 
08 04 19 02 0e 00 
08 04 19 02 0f 00 
08 04 19 02 0f 
08 04 19 02 10 04 
08 04 19 02 10 
08 04 19 02 12 
08 04 19 02 18 00 
08 04 19 02 1f 00 
08 04 19 03 01 0b 
08 04 19 03 0a 00 
08 04 19 03 0b 
08 04 19 03 0d 0b 
08 04 19 03 0e 00 
08 04 19 03 0f 00 
08 04 19 03 10 02 
08 04 19 03 11 02 
08 04 19 03 27 0b 
08 04 19 0b 08 00 
08 04 19 0b 08 
08 04 19 0b 0a 
08 04 19 0b 0b 
08 04 19 0b 0c 
08 04 19 0b 0e 00 
08 04 19 0b 0e 
08 04 19 0b 11 02 
08 04 19 0b 11 
08 04 19 0b 12 
08 04 19 0b 1d 
08 04 19 0b 1e 00 
08 04 19 0b 1e 
08 04 19 0b 1f 00 
08 04 19 0b 1f 
08 04 19 0b 26 
08 04 19 0d 08 
08 04 19 0d 0a 00 
08 04 19 0d 0c 
08 04 19 0d 0d 
08 04 19 0d 0f 
08 04 19 0d 10 01 
08 04 19 0d 10 
08 04 19 0d 12 00 
08 04 19 0d 12 
08 04 19 0e 01 02 
08 04 19 0e 0a 00 
08 04 19 0e 0b 01 
08 04 19 0e 0d 02 
08 04 19 0e 0e 00 
08 04 19 0e 10 00 
08 04 19 0e 11 02 
08 04 19 0e 12 00 
08 04 19 0e 17 02 
08 04 19 0e 1e 01 
08 04 19 0e 26 02 
08 04 19 0e 27 02 
08 04 19 13 09 
08 04 19 13 0c 
08 04 19 13 0d 00 
08 04 19 13 0e 00 
08 04 19 13 0e 
08 04 19 13 0f 
08 04 19 13 10 00 
08 04 19 13 10 
08 04 19 13 11 00 
08 04 19 13 12 00 
08 04 19 13 12 
08 04 19 13 17 
08 04 19 13 1d 
08 04 19 13 1e 03 
08 04 19 13 1e 
08 04 19 13 1f 03 
08 04 19 13 1f 
08 04 19 13 26 02 
08 04 19 13 26 
08 04 19 13 27 03 
08 04 19 13 27 
08 04 19 14 01 0b 
08 04 19 14 0e 00 
08 04 19 1b 01 
08 04 19 1b 02 
08 04 19 1b 0a 00 
08 04 19 1b 0a 
08 04 19 1b 0b 00 
08 04 19 1b 0c 00 
08 04 19 1b 0c 
08 04 19 1b 0d 
08 04 19 1b 0e 00 
08 04 19 1b 0e 
08 04 19 1b 0f 
08 04 19 1b 10 03 
08 04 19 1b 10 
08 04 19 1b 11 03 
08 04 19 1b 12 
08 04 19 1b 16 
08 04 19 1b 17 
08 04 19 1b 18 00 
08 04 19 1b 18 
08 04 19 1b 1d 00 
08 04 19 1b 1d 
08 04 19 1b 1e 00 
08 04 19 1b 1e 
08 04 19 1b 1f 
08 04 19 1b 26 03 
08 04 19 1b 26 
08 04 19 1b 27 0d 
08 04 19 1b 27 
08 04 19 1c 01 0d 
08 04 19 1c 0a 
08 04 19 1c 0e 00 
08 04 19 1c 0f 
08 04 19 1c 10 00 
08 04 19 1c 11 00 
08 04 19 1c 17 
08 04 19 1c 1f 00 
08 04 19 1c 27 0d 
08 04 19 1d 01 0d 
08 04 19 1d 11 03 
08 04 19 1d 18 
08 04 19 1d 1e 01 
08 04 19 1d 27 0d 
08 04 19 24 0a 
08 04 19 24 0c 
08 04 19 24 0d 02 
08 04 19 24 0d 
08 04 19 24 0e 00 
08 04 19 24 0f 
08 04 19 24 11 00 
08 04 19 24 11 
08 04 19 24 12 02 
08 04 19 24 1d 
08 04 19 24 1e 
08 04 19 24 1f 00 
08 04 19 24 26 02 
08 04 19 24 26 
08 04 19 24 27 02 
08 04 19 24 27 
08 04 19 25 0c 
08 04 19 25 0d 02 
08 04 19 25 0e 01 
08 04 19 25 0f 
08 04 19 25 10 02 
08 04 19 25 11 01 
08 04 19 25 11 
08 04 19 25 27 02 
08 04 1f 00 00 0b 
08 04 1f 00 01 0b 
08 04 1f 00 0a 
08 04 1f 00 0b 01 
08 04 1f 00 0c 
08 04 1f 00 0d 25 
08 04 1f 00 0e 01 
08 04 1f 00 0e 
08 04 1f 00 0f 
08 04 1f 00 10 01 
08 04 1f 00 16 01 
08 04 1f 00 16 
08 04 1f 00 17 
08 04 1f 00 19 00 
08 04 1f 00 1a 02 
08 04 1f 00 1b 
08 04 1f 00 20 0b 
08 04 1f 01 00 04 
08 04 1f 01 0a 04 
08 04 1f 01 0b 04 
08 04 1f 01 10 04 
08 04 1f 01 19 04 
08 04 1f 01 1a 05 
08 04 1f 01 26 0b 
08 04 1f 02 00 0b 
08 04 1f 02 0c 00 
08 04 1f 02 10 05 
08 04 1f 02 18 
08 04 1f 02 19 00 
08 04 1f 02 1a 00 
08 04 1f 02 1c 
08 04 1f 03 0a 1c 
08 04 1f 03 0b 01 
08 04 1f 03 0b 
08 04 1f 03 0c 01 
08 04 1f 03 0e 00 
08 04 1f 03 0e 
08 04 1f 03 0f 00 
08 04 1f 03 17 01 
08 04 1f 03 1a 01 
08 04 1f 03 20 01 
08 04 1f 03 27 
08 04 1f 0b 01 00 
08 04 1f 0b 0b 
08 04 1f 0b 0d 0c 
08 04 1f 0b 10 0c 
08 04 1f 0b 1b 
08 04 1f 0d 01 00 
08 04 1f 0d 0b 
08 04 1f 0d 0d 0b 
08 04 1f 0d 10 00 
08 04 1f 0d 10 
08 04 1f 0d 16 00 
08 04 1f 0d 18 
08 04 1f 0d 19 01 
08 04 1f 0d 1c 
08 04 1f 0d 20 00 
08 04 1f 0d 26 
08 04 1f 0e 01 00 
08 04 1f 0e 02 00 
08 04 1f 0e 0b 
08 04 1f 0e 0e 00 
08 04 1f 0e 10 00 
08 04 1f 0e 16 00 
08 04 1f 0e 19 00 
08 04 1f 0e 1a 0a 
08 04 1f 0e 20 02 
08 04 1f 13 02 00 
08 04 1f 13 09 14 
08 04 1f 13 09 
08 04 1f 13 0c 
08 04 1f 13 0e 
08 04 1f 13 18 03 
08 04 1f 13 18 
08 04 1f 13 19 
08 04 1f 13 1b 
08 04 1f 13 1c 03 
08 04 1f 13 1c 
08 04 1f 14 01 00 
08 04 1f 14 19 00 
08 04 1f 14 1b 
08 04 1f 14 20 
08 04 1f 1b 01 00 
08 04 1f 1b 01 
08 04 1f 1b 02 00 
08 04 1f 1b 02 
08 04 1f 1b 0a 00 
08 04 1f 1b 0a 
08 04 1f 1b 0c 
08 04 1f 1b 0d 
08 04 1f 1b 0e 00 
08 04 1f 1b 0e 
08 04 1f 1b 0f 
08 04 1f 1b 10 00 
08 04 1f 1b 12 00 
08 04 1f 1b 12 
08 04 1f 1b 16 00 
08 04 1f 1b 18 
08 04 1f 1b 19 
08 04 1f 1b 1b 00 
08 04 1f 1b 1b 
08 04 1f 1b 1c 
08 04 1f 1b 26 00 
08 04 1f 1b 26 
08 04 1f 1b 27 
08 04 1f 1c 01 00 
08 04 1f 1c 02 00 
08 04 1f 1c 0c 
08 04 1f 1c 0d 
08 04 1f 1c 0e 00 
08 04 1f 1c 0e 
08 04 1f 1c 10 00 
08 04 1f 1c 19 00 
08 04 1f 1c 19 
08 04 1f 1c 1b 00 
08 04 1f 1c 1c 
08 04 1f 1d 16 00 
08 04 1f 24 01 00 
08 04 1f 24 0d 02 
08 04 1f 24 10 00 
08 04 1f 24 10 
08 04 1f 24 18 
08 04 1f 24 19 
08 04 1f 24 1b 
08 04 1f 25 01 02 
08 04 1f 25 0c 
08 04 1f 25 0d 
08 04 1f 25 0e 
08 04 1f 25 10 02 
08 04 1f 25 17 0b 
08 04 1f 25 19 01 
08 04 1f 25 20 02 
08 04 20 00 00 0b 
08 04 20 00 01 0b 
08 04 20 00 0a 03 
08 04 20 00 0b 03 
08 04 20 00 0c 03 
08 04 20 00 0e 03 
08 04 20 00 17 0b 
08 04 20 00 19 0d 
08 04 20 00 1f 0b 
08 04 20 00 26 04 
08 04 20 00 
08 04 20 01 00 00 
08 04 20 01 01 00 
08 04 20 01 0a 04 
08 04 20 01 0c 02 
08 04 20 01 0d 05 
08 04 20 01 0d 
08 04 20 01 0e 00 
08 04 20 01 0e 
08 04 20 01 0f 00 
08 04 20 01 0f 
08 04 20 01 10 25 
08 04 20 01 11 
08 04 20 01 17 03 
08 04 20 01 18 
08 04 20 01 1a 00 
08 04 20 01 1f 03 
08 04 20 01 26 03 
08 04 20 02 00 00 
08 04 20 02 0a 0d 
08 04 20 02 0b 06 
08 04 20 02 0c 00 
08 04 20 02 0d 06 
08 04 20 02 0e 00 
08 04 20 02 0f 00 
08 04 20 02 11 14 
08 04 20 02 17 06 
08 04 20 02 18 00 
08 04 20 02 1a 00 
08 04 20 02 1f 0b 
08 04 20 02 25 00 
08 04 20 02 26 06 
08 04 20 03 0a 0b 
08 04 20 03 0d 07 
08 04 20 03 0e 00 
08 04 20 03 0f 00 
08 04 20 03 10 00 
08 04 20 03 11 0b 
08 04 20 03 17 01 
08 04 20 03 18 00 
08 04 20 03 1f 01 
08 04 20 03 26 00 
08 04 20 0b 01 00 
08 04 20 0b 02 14 
08 04 20 0b 08 00 
08 04 20 0b 0b 00 
08 04 20 0b 0c 01 
08 04 20 0b 0d 
08 04 20 0b 10 02 
08 04 20 0b 11 01 
08 04 20 0b 17 01 
08 04 20 0b 1f 00 
08 04 20 0b 24 00 
08 04 20 0b 25 08 
08 04 20 0b 26 00 
08 04 20 0b 
08 04 20 0d 11 0b 
08 04 20 0d 18 00 
08 04 20 0d 19 00 
08 04 20 0d 1f 00 
08 04 20 0e 01 00 
08 04 20 0e 02 02 
08 04 20 0e 0d 02 
08 04 20 0e 10 02 
08 04 20 0e 16 01 
08 04 20 0e 17 01 
08 04 20 0e 18 00 
08 04 20 0e 19 00 
08 04 20 0e 1f 02 
08 04 20 0e 25 1b 
08 04 20 0e 26 03 
08 04 20 0e 
08 04 20 13 02 02 
08 04 20 13 09 00 
08 04 20 13 0c 00 
08 04 20 13 0d 02 
08 04 20 13 10 00 
08 04 20 13 11 0b 
08 04 20 13 11 
08 04 20 13 16 02 
08 04 20 13 17 01 
08 04 20 13 17 
08 04 20 13 18 03 
08 04 20 13 19 03 
08 04 20 13 1a 03 
08 04 20 13 26 0a 
08 04 20 13 
08 04 20 14 01 00 
08 04 20 14 02 
08 04 20 14 11 00 
08 04 20 14 16 
08 04 20 14 26 00 
08 04 20 1c 01 00 
08 04 20 1c 0a 00 
08 04 20 1c 0c 00 
08 04 20 1c 0d 
08 04 20 1c 0f 
08 04 20 1c 17 
08 04 20 1c 24 
08 04 20 1c 27 00 
08 04 20 1d 01 
08 04 20 1d 10 
08 04 20 1d 11 
08 04 20 1d 17 19 
08 04 20 1d 18 
08 04 20 1d 19 03 
08 04 20 1d 1a 
08 04 20 25 01 01 
08 04 20 25 02 0d 
08 04 20 25 0a 01 
08 04 20 25 0a 
08 04 20 25 0b 20 
08 04 20 25 0b 
08 04 20 25 0c 01 
08 04 20 25 0e 01 
08 04 20 25 10 01 
08 04 20 25 11 
08 04 20 25 16 01 
08 04 20 25 18 01 
08 04 20 25 19 01 
08 04 20 25 1f 01 
08 04 20 25 
08 04 27 00 00 01 
08 04 27 00 00 
08 04 27 00 01 1d 
08 04 27 00 0a 04 
08 04 27 00 0b 01 
08 04 27 00 0c 
08 04 27 00 0e 01 
08 04 27 00 0f 01 
08 04 27 00 0f 
08 04 27 00 11 02 
08 04 27 00 17 01 
08 04 27 00 18 
08 04 27 00 1a 01 
08 04 27 00 22 02 
08 04 27 00 
08 04 27 01 00 0b 
08 04 27 01 0c 04 
08 04 27 01 10 04 
08 04 27 01 11 04 
08 04 27 01 19 0d 
08 04 27 01 22 0b 
08 04 27 01 
08 04 27 02 0a 06 
08 04 27 02 0c 00 
08 04 27 02 0c 
08 04 27 02 0e 00 
08 04 27 02 0f 00 
08 04 27 02 0f 
08 04 27 02 10 00 
08 04 27 02 11 04 
08 04 27 02 18 
08 04 27 02 1a 00 
08 04 27 02 1a 
08 04 27 02 20 00 
08 04 27 02 22 00 
08 04 27 02 24 00 
08 04 27 03 01 0b 
08 04 27 03 0a 07 
08 04 27 03 0e 00 
08 04 27 03 0f 00 
08 04 27 03 11 01 
08 04 27 03 19 0b 
08 04 27 03 1f 
08 04 27 03 22 01 
08 04 27 03 
08 04 27 0b 01 
08 04 27 0b 02 08 
08 04 27 0b 08 
08 04 27 0b 0a 
08 04 27 0b 0b 
08 04 27 0b 0c 
08 04 27 0b 0e 
08 04 27 0b 11 
08 04 27 0b 16 08 
08 04 27 0b 18 
08 04 27 0b 1a 
08 04 27 0b 22 00 
08 04 27 0b 23 
08 04 27 0d 08 
08 04 27 0d 0b 
08 04 27 0d 0c 
08 04 27 0d 0f 
08 04 27 0d 10 01 
08 04 27 0d 1a 
08 04 27 0d 22 02 
08 04 27 0e 01 02 
08 04 27 0e 0a 02 
08 04 27 0e 0e 00 
08 04 27 0e 10 01 
08 04 27 0e 17 01 
08 04 27 0e 19 02 
08 04 27 0e 20 00 
08 04 27 0e 22 02 
08 04 27 0e 24 01 
08 04 27 13 09 
08 04 27 13 0a 02 
08 04 27 13 0c 
08 04 27 13 0e 
08 04 27 13 0f 
08 04 27 13 10 
08 04 27 13 19 03 
08 04 27 13 19 
08 04 27 13 1a 00 
08 04 27 13 20 00 
08 04 27 13 20 
08 04 27 13 23 
08 04 27 14 01 0b 
08 04 27 1b 01 
08 04 27 1b 02 
08 04 27 1b 0a 
08 04 27 1b 0c 
08 04 27 1b 0e 
08 04 27 1b 0f 
08 04 27 1b 10 02 
08 04 27 1b 10 
08 04 27 1b 11 00 
08 04 27 1b 16 
08 04 27 1b 18 
08 04 27 1b 19 0d 
08 04 27 1b 19 
08 04 27 1b 1a 
08 04 27 1b 1f 
08 04 27 1b 20 
08 04 27 1b 22 0b 
08 04 27 1b 22 
08 04 27 1b 23 00 
08 04 27 1b 23 
08 04 27 1b 24 
08 04 27 1c 0a 
08 04 27 1c 0c 
08 04 27 1c 0e 00 
08 04 27 1c 0e 
08 04 27 1c 0f 
08 04 27 1c 10 18 
08 04 27 1c 19 
08 04 27 1c 1a 
08 04 27 1c 1f 
08 04 27 1c 20 
08 04 27 1c 24 
08 04 27 1d 02 02 
08 04 27 1d 0e 00 
08 04 27 1d 11 01 
08 04 27 1d 19 0d 
08 04 27 24 0a 
08 04 27 24 0b 
08 04 27 24 0c 
08 04 27 24 0e 
08 04 27 24 0f 
08 04 27 24 10 01 
08 04 27 24 18 
08 04 27 24 19 02 
08 04 27 24 1f 00 
08 04 27 24 1f 
08 04 27 24 20 
08 04 27 24 22 02 
08 04 27 24 23 00 
08 04 27 24 23 
08 04 27 25 0c 
08 04 27 25 0e 01 
08 04 27 25 0f 
08 04 27 25 10 01 
08 04 27 25 11 
08 04 27 25 18 
08 04 27 25 19 02 
08 04 27 25 1a 
08 04 27 25 22 01 
08 04 27 
08 0b 00 02 00 
08 0b 00 02 03 
08 0b 00 02 04 
08 0b 00 02 0a 
08 0b 00 02 0b 
08 0b 00 02 0d 
08 0b 00 02 0f 
08 0b 00 02 10 06 
08 0b 00 02 19 0e 
08 0b 00 02 27 
08 0b 00 08 03 02 
08 0b 00 08 04 
08 0b 00 08 0a 02 
08 0b 00 08 0b 0c 
08 0b 00 08 0b 
08 0b 00 08 0d 02 
08 0b 00 08 10 02 
08 0b 00 08 11 0c 
08 0b 00 08 16 02 
08 0b 00 08 18 02 
08 0b 00 08 1f 14 
08 0b 00 08 20 02 
08 0b 00 08 27 02 
08 0b 00 08 
08 0b 00 0c 0b 02 
08 0b 00 0c 17 02 
08 0b 00 0c 17 
08 0b 00 0d 03 02 
08 0b 00 0d 08 03 
08 0b 00 0d 0a 02 
08 0b 00 0d 0b 09 
08 0b 00 0d 10 02 
08 0b 00 0d 11 09 
08 0b 00 0d 18 02 
08 0b 00 0d 1f 1d 
08 0b 00 0d 20 02 
08 0b 00 0d 27 02 
08 0b 00 0d 
08 0b 00 0e 01 04 
08 0b 00 0e 08 03 
08 0b 00 0e 0a 08 
08 0b 00 0e 0c 02 
08 0b 00 0e 10 09 
08 0b 00 0e 11 0a 
08 0b 00 0e 16 02 
08 0b 00 0e 17 02 
08 0b 00 0e 19 02 
08 0b 00 0e 20 08 
08 0b 00 0f 03 0b 
08 0b 00 0f 0a 03 
08 0b 00 0f 0b 0b 
08 0b 00 0f 0c 03 
08 0b 00 0f 0d 03 
08 0b 00 0f 10 13 
08 0b 00 0f 11 0b 
08 0b 00 0f 16 0b 
08 0b 00 0f 18 0b 
08 0b 00 0f 20 0b 
08 0b 00 0f 
08 0b 00 13 03 02 
08 0b 00 13 04 02 
08 0b 00 13 0a 02 
08 0b 00 13 11 02 
08 0b 00 13 16 02 
08 0b 00 13 18 02 
08 0b 00 13 19 0e 
08 0b 00 13 1f 0e 
08 0b 00 13 
08 0b 00 14 01 
08 0b 00 14 03 
08 0b 00 14 04 
08 0b 00 14 08 
08 0b 00 14 09 
08 0b 00 14 0a 
08 0b 00 14 0b 
08 0b 00 14 0c 
08 0b 00 14 0d 
08 0b 00 14 11 02 
08 0b 00 14 11 
08 0b 00 14 16 
08 0b 00 14 18 
08 0b 00 14 19 
08 0b 00 14 20 
08 0b 00 14 27 
08 0b 00 16 03 08 
08 0b 00 16 0b 
08 0b 00 16 0d 
08 0b 00 16 10 08 
08 0b 00 16 11 12 
08 0b 00 16 16 08 
08 0b 00 16 17 0c 
08 0b 00 16 19 0e 
08 0b 00 16 27 08 
08 0b 00 16 
08 0b 00 1b 0b 
08 0b 00 1b 0c 0c 
08 0b 00 1b 0d 
08 0b 00 1b 10 02 
08 0b 00 1b 11 0e 
08 0b 00 1b 16 02 
08 0b 00 1b 1f 0e 
08 0b 00 1b 20 
08 0b 00 1b 
08 0b 00 1c 0c 08 
08 0b 00 1c 16 02 
08 0b 00 1c 1f 08 
08 0b 00 1c 1f 
08 0b 00 1c 20 14 
08 0b 00 1c 
08 0b 00 1d 01 
08 0b 00 1d 03 
08 0b 00 1d 04 
08 0b 00 1d 08 03 
08 0b 00 1d 08 
08 0b 00 1d 0a 
08 0b 00 1d 0c 08 
08 0b 00 1d 0c 
08 0b 00 1d 0d 
08 0b 00 1d 11 08 
08 0b 00 1d 18 
08 0b 00 1d 19 12 
08 0b 00 1d 20 
08 0b 00 1d 27 
08 0b 00 24 03 02 
08 0b 00 24 04 02 
08 0b 00 24 08 03 
08 0b 00 24 10 02 
08 0b 00 24 11 02 
08 0b 00 24 16 02 
08 0b 00 24 17 0e 
08 0b 00 24 18 02 
08 0b 00 24 19 0e 
08 0b 00 24 1f 0e 
08 0b 00 24 
08 0b 00 25 01 04 
08 0b 00 25 0a 
08 0b 00 25 0c 08 
08 0b 00 25 0c 
08 0b 00 25 10 02 
08 0b 00 25 11 02 
08 0b 00 25 17 0c 
08 0b 00 25 19 0c 
08 0b 00 25 1f 08 
08 0b 00 25 1f 
08 0b 00 25 20 14 
08 0b 01 02 00 
08 0b 01 02 05 
08 0b 01 02 06 
08 0b 01 02 07 
08 0b 01 02 0a 
08 0b 01 02 0b 
08 0b 01 02 0c 
08 0b 01 02 0d 04 
08 0b 01 02 0d 
08 0b 01 02 0e 
08 0b 01 02 0f 
08 0b 01 02 11 03 
08 0b 01 02 16 03 
08 0b 01 02 18 
08 0b 01 02 19 
08 0b 01 02 1f 0c 
08 0b 01 02 20 0e 
08 0b 01 02 20 
08 0b 01 04 0d 02 
08 0b 01 04 0e 02 
08 0b 01 04 10 00 
08 0b 01 04 11 00 
08 0b 01 04 19 02 
08 0b 01 04 1f 00 
08 0b 01 04 20 0e 
08 0b 01 04 27 02 
08 0b 01 0c 0a 02 
08 0b 01 0c 0b 
08 0b 01 0c 0c 
08 0b 01 0c 0d 02 
08 0b 01 0c 10 02 
08 0b 01 0c 16 02 
08 0b 01 0c 1f 02 
08 0b 01 0c 27 02 
08 0b 01 0d 00 02 
08 0b 01 0d 04 02 
08 0b 01 0d 06 02 
08 0b 01 0d 0a 02 
08 0b 01 0d 0c 14 
08 0b 01 0d 0d 04 
08 0b 01 0d 0e 02 
08 0b 01 0d 11 09 
08 0b 01 0d 20 02 
08 0b 01 0d 
08 0b 01 0e 00 08 
08 0b 01 0e 0a 08 
08 0b 01 0e 0c 02 
08 0b 01 0e 0d 1d 
08 0b 01 0e 0e 02 
08 0b 01 0e 10 08 
08 0b 01 0e 11 02 
08 0b 01 0e 16 02 
08 0b 01 0e 18 
08 0b 01 0e 20 
08 0b 01 0e 27 1d 
08 0b 01 0e 
08 0b 01 0f 00 04 
08 0b 01 0f 04 0b 
08 0b 01 0f 06 04 
08 0b 01 0f 07 04 
08 0b 01 0f 0a 03 
08 0b 01 0f 0c 03 
08 0b 01 0f 0e 03 
08 0b 01 0f 10 04 
08 0b 01 0f 11 0b 
08 0b 01 0f 16 0b 
08 0b 01 0f 20 04 
08 0b 01 0f 
08 0b 01 13 0a 02 
08 0b 01 13 0d 0c 
08 0b 01 13 11 02 
08 0b 01 13 16 02 
08 0b 01 13 18 0c 
08 0b 01 13 1f 0c 
08 0b 01 13 
08 0b 01 14 00 
08 0b 01 14 05 
08 0b 01 14 08 
08 0b 01 14 0a 
08 0b 01 14 0c 
08 0b 01 14 0e 
08 0b 01 14 11 
08 0b 01 14 16 
08 0b 01 14 18 
08 0b 01 14 19 02 
08 0b 01 14 19 
08 0b 01 14 20 
08 0b 01 14 27 02 
08 0b 01 16 00 04 
08 0b 01 16 06 04 
08 0b 01 16 07 04 
08 0b 01 16 09 
08 0b 01 16 0a 
08 0b 01 16 0c 
08 0b 01 16 0e 
08 0b 01 16 10 
08 0b 01 16 11 04 
08 0b 01 16 
08 0b 01 1b 06 
08 0b 01 1b 0a 
08 0b 01 1b 0b 
08 0b 01 1b 0c 
08 0b 01 1b 0d 04 
08 0b 01 1b 0e 
08 0b 01 1b 11 04 
08 0b 01 1b 16 0e 
08 0b 01 1b 19 14 
08 0b 01 1b 20 
08 0b 01 1b 27 14 
08 0b 01 1c 16 04 
08 0b 01 1c 20 0e 
08 0b 01 1d 00 
08 0b 01 1d 05 
08 0b 01 1d 06 
08 0b 01 1d 07 
08 0b 01 1d 08 
08 0b 01 1d 0a 
08 0b 01 1d 0c 
08 0b 01 1d 0e 
08 0b 01 1d 11 02 
08 0b 01 1d 18 
08 0b 01 1d 19 14 
08 0b 01 1d 20 
08 0b 01 1d 27 14 
08 0b 01 24 06 
08 0b 01 24 0a 
08 0b 01 24 0b 
08 0b 01 24 0c 
08 0b 01 24 0e 
08 0b 01 24 11 02 
08 0b 01 24 16 02 
08 0b 01 24 19 14 
08 0b 01 24 1f 
08 0b 01 24 20 
08 0b 01 24 27 14 
08 0b 01 25 07 
08 0b 01 25 0d 03 
08 0b 01 25 11 02 
08 0b 01 25 11 
08 0b 01 25 16 02 
08 0b 01 25 16 
08 0b 01 25 17 
08 0b 01 25 18 
08 0b 01 25 19 0c 
08 0b 01 25 20 0e 
08 0b 02 02 06 
08 0b 02 02 0a 03 
08 0b 02 02 0b 
08 0b 02 02 0d 
08 0b 02 02 0f 
08 0b 02 02 27 
08 0b 02 04 0b 
08 0b 02 04 0c 
08 0b 02 04 0d 
08 0b 02 04 0e 08 
08 0b 02 04 0f 
08 0b 02 04 10 0c 
08 0b 02 04 18 08 
08 0b 02 04 20 14 
08 0b 02 04 27 14 
08 0b 02 08 01 02 
08 0b 02 08 06 
08 0b 02 08 07 02 
08 0b 02 08 0b 
08 0b 02 08 0d 02 
08 0b 02 08 10 0c 
08 0b 02 08 18 02 
08 0b 02 08 1f 0c 
08 0b 02 0c 01 02 
08 0b 02 0c 08 
08 0b 02 0c 0b 
08 0b 02 0c 0c 
08 0b 02 0c 0d 02 
08 0b 02 0c 0d 
08 0b 02 0c 18 
08 0b 02 0d 06 
08 0b 02 0d 08 
08 0b 02 0d 0e 
08 0b 02 0d 18 
08 0b 02 0d 20 0a 
08 0b 02 0d 27 
08 0b 02 0e 01 02 
08 0b 02 0e 07 08 
08 0b 02 0e 0d 02 
08 0b 02 0e 0e 02 
08 0b 02 0e 10 08 
08 0b 02 0e 17 08 
08 0b 02 0e 18 02 
08 0b 02 0f 01 04 
08 0b 02 0f 0d 03 
08 0b 02 0f 0e 03 
08 0b 02 0f 10 0d 
08 0b 02 0f 17 0b 
08 0b 02 0f 18 04 
08 0b 02 13 06 02 
08 0b 02 13 09 02 
08 0b 02 13 0c 
08 0b 02 13 17 02 
08 0b 02 13 1f 0c 
08 0b 02 13 27 16 
08 0b 02 14 06 
08 0b 02 14 08 
08 0b 02 14 09 
08 0b 02 14 0a 
08 0b 02 14 0c 
08 0b 02 14 0e 
08 0b 02 14 11 02 
08 0b 02 14 18 
08 0b 02 14 20 02 
08 0b 02 14 27 02 
08 0b 02 14 
08 0b 02 16 01 15 
08 0b 02 16 09 
08 0b 02 16 18 04 
08 0b 02 16 27 1c 
08 0b 02 1b 07 
08 0b 02 1b 08 08 
08 0b 02 1b 0b 
08 0b 02 1b 0c 
08 0b 02 1b 0d 
08 0b 02 1b 0e 0c 
08 0b 02 1b 10 0c 
08 0b 02 1b 18 
08 0b 02 1b 20 14 
08 0b 02 1b 27 14 
08 0b 02 1c 0e 08 
08 0b 02 1c 20 14 
08 0b 02 1d 06 
08 0b 02 1d 07 08 
08 0b 02 1d 0a 
08 0b 02 1d 0c 
08 0b 02 1d 0d 
08 0b 02 1d 0e 08 
08 0b 02 1d 0e 
08 0b 02 1d 11 0d 
08 0b 02 1d 18 08 
08 0b 02 1d 18 
08 0b 02 1d 20 0d 
08 0b 02 24 06 02 
08 0b 02 24 0b 
08 0b 02 24 10 0c 
08 0b 02 24 17 0c 
08 0b 02 24 18 02 
08 0b 02 24 1f 0c 
08 0b 02 24 27 14 
08 0b 02 25 0e 08 
08 0b 02 25 0e 
08 0b 02 25 10 0c 
08 0b 02 25 11 
08 0b 02 25 1f 08 
08 0b 02 25 1f 
08 0b 02 25 
08 0b 08 03 00 
08 0b 08 03 01 
08 0b 08 03 02 
08 0b 08 03 0c 
08 0b 08 03 0d 
08 0b 08 03 0e 
08 0b 08 03 11 
08 0b 08 03 16 
08 0b 08 03 1f 
08 0b 08 03 20 
08 0b 08 03 27 
08 0b 08 04 01 
08 0b 08 04 0c 
08 0b 08 04 0d 
08 0b 08 04 11 
08 0b 08 04 18 
08 0b 08 04 19 00 
08 0b 08 04 19 
08 0b 08 04 20 
08 0b 08 04 27 
08 0b 08 08 0b 
08 0b 08 08 0c 
08 0b 08 08 11 
08 0b 08 08 18 
08 0b 08 08 19 
08 0b 08 08 20 
08 0b 08 0c 02 
08 0b 08 0c 0c 
08 0b 08 0c 11 
08 0b 08 0c 18 
08 0b 08 0c 27 
08 0b 08 0d 00 03 
08 0b 08 0d 18 03 
08 0b 08 0d 20 03 
08 0b 08 0e 00 03 
08 0b 08 0e 18 03 
08 0b 08 0e 27 
08 0b 08 0f 00 03 
08 0b 08 0f 11 
08 0b 08 0f 16 
08 0b 08 0f 1f 
08 0b 08 0f 27 03 
08 0b 08 13 16 0c 
08 0b 08 14 00 
08 0b 08 14 01 
08 0b 08 14 02 
08 0b 08 14 0a 
08 0b 08 14 0b 
08 0b 08 14 0c 
08 0b 08 14 0d 
08 0b 08 14 16 
08 0b 08 14 18 
08 0b 08 14 19 
08 0b 08 15 01 03 
08 0b 08 1b 02 08 
08 0b 08 1b 0b 
08 0b 08 1b 0c 
08 0b 08 1b 10 
08 0b 08 1b 11 03 
08 0b 08 1b 11 
08 0b 08 1b 18 
08 0b 08 1b 19 
08 0b 08 1b 20 
08 0b 08 1b 27 08 
08 0b 08 1c 16 08 
08 0b 08 1d 01 
08 0b 08 1d 0b 
08 0b 08 1d 0c 
08 0b 08 1d 0d 
08 0b 08 1d 10 03 
08 0b 08 1d 10 
08 0b 08 1d 18 
08 0b 08 1d 27 
08 0b 08 24 00 03 
08 0b 08 24 19 03 
08 0b 08 24 20 03 
08 0b 08 25 00 08 
08 0b 08 25 10 03 
08 0b 08 25 18 
08 0b 08 25 1f 
08 0b 08 
08 0b 0a 02 00 
08 0b 0a 02 01 
08 0b 0a 02 02 03 
08 0b 0a 02 0c 03 
08 0b 0a 02 0c 
08 0b 0a 02 0d 
08 0b 0a 02 11 
08 0b 0a 02 18 
08 0b 0a 02 19 
08 0b 0a 02 1f 03 
08 0b 0a 02 20 
08 0b 0a 02 27 
08 0b 0a 03 00 
08 0b 0a 03 01 
08 0b 0a 03 02 
08 0b 0a 03 0c 
08 0b 0a 03 0d 
08 0b 0a 03 0e 
08 0b 0a 03 10 04 
08 0b 0a 03 11 
08 0b 0a 03 16 
08 0b 0a 03 1f 
08 0b 0a 03 20 
08 0b 0a 03 27 
08 0b 0a 04 01 
08 0b 0a 04 02 01 
08 0b 0a 04 0c 00 
08 0b 0a 04 0d 
08 0b 0a 04 0e 
08 0b 0a 04 10 02 
08 0b 0a 04 11 
08 0b 0a 04 18 00 
08 0b 0a 04 19 
08 0b 0a 04 20 00 
08 0b 0a 04 27 
08 0b 0a 08 00 02 
08 0b 0a 08 02 02 
08 0b 0a 08 0e 02 
08 0b 0a 08 11 02 
08 0b 0a 08 16 02 
08 0b 0a 08 17 02 
08 0b 0a 08 18 02 
08 0b 0a 08 
08 0b 0a 0c 01 02 
08 0b 0a 0c 0c 
08 0b 0a 0c 17 
08 0b 0a 0c 27 02 
08 0b 0a 0d 00 02 
08 0b 0a 0d 01 02 
08 0b 0a 0d 20 02 
08 0b 0a 0d 27 0f 
08 0b 0a 0d 
08 0b 0a 0e 01 08 
08 0b 0a 0e 10 09 
08 0b 0a 0e 17 08 
08 0b 0a 0e 18 02 
08 0b 0a 0e 19 02 
08 0b 0a 0e 20 0a 
08 0b 0a 0e 27 0c 
08 0b 0a 0f 00 03 
08 0b 0a 0f 01 03 
08 0b 0a 0f 0e 03 
08 0b 0a 0f 16 03 
08 0b 0a 0f 18 03 
08 0b 0a 0f 20 0b 
08 0b 0a 0f 
08 0b 0a 13 00 02 
08 0b 0a 13 0d 02 
08 0b 0a 13 10 02 
08 0b 0a 13 11 02 
08 0b 0a 13 16 02 
08 0b 0a 13 17 02 
08 0b 0a 13 18 02 
08 0b 0a 13 20 02 
08 0b 0a 13 
08 0b 0a 14 00 
08 0b 0a 14 01 
08 0b 0a 14 02 
08 0b 0a 14 0c 
08 0b 0a 14 0e 
08 0b 0a 14 16 
08 0b 0a 14 18 
08 0b 0a 14 19 
08 0b 0a 15 0c 10 
08 0b 0a 15 18 02 
08 0b 0a 15 19 02 
08 0b 0a 15 19 
08 0b 0a 16 01 
08 0b 0a 16 0d 
08 0b 0a 16 0e 
08 0b 0a 16 27 
08 0b 0a 1d 01 
08 0b 0a 1d 02 
08 0b 0a 1d 0c 
08 0b 0a 1d 0e 
08 0b 0a 1d 0f 
08 0b 0a 1d 10 
08 0b 0a 1d 17 18 
08 0b 0a 1d 18 
08 0b 0a 1d 27 
08 0b 0a 25 00 02 
08 0b 0a 25 08 
08 0b 0a 25 0c 02 
08 0b 0a 25 0c 
08 0b 0a 25 10 0c 
08 0b 0a 25 18 
08 0b 0a 25 1f 
08 0b 0a 25 20 21 
08 0b 0b 02 00 
08 0b 0b 02 01 
08 0b 0b 02 02 
08 0b 0b 02 0c 
08 0b 0b 02 0f 
08 0b 0b 02 10 
08 0b 0b 02 16 
08 0b 0b 02 18 
08 0b 0b 02 19 
08 0b 0b 02 20 
08 0b 0b 02 27 
08 0b 0b 03 00 00 
08 0b 0b 03 0c 00 
08 0b 0b 03 0e 01 
08 0b 0b 03 10 00 
08 0b 0b 03 1f 00 
08 0b 0b 03 27 01 
08 0b 0b 04 01 
08 0b 0b 04 02 
08 0b 0b 04 0c 00 
08 0b 0b 04 0c 
08 0b 0b 04 0d 
08 0b 0b 04 10 00 
08 0b 0b 04 11 
08 0b 0b 04 16 
08 0b 0b 04 17 01 
08 0b 0b 04 19 
08 0b 0b 04 1f 
08 0b 0b 04 20 
08 0b 0b 04 27 
08 0b 0b 08 00 0c 
08 0b 0b 08 00 
08 0b 0b 08 01 02 
08 0b 0b 08 01 
08 0b 0b 08 02 
08 0b 0b 08 0c 
08 0b 0b 08 0d 
08 0b 0b 08 0f 
08 0b 0b 08 10 02 
08 0b 0b 08 11 
08 0b 0b 08 16 
08 0b 0b 08 19 02 
08 0b 0b 08 19 
08 0b 0b 08 1f 0c 
08 0b 0b 08 20 
08 0b 0b 08 27 02 
08 0b 0b 0d 00 09 
08 0b 0b 0d 08 02 
08 0b 0b 0d 10 02 
08 0b 0b 0d 11 
08 0b 0b 0d 18 
08 0b 0b 0d 1f 02 
08 0b 0b 0d 27 02 
08 0b 0b 0e 00 02 
08 0b 0b 0e 18 02 
08 0b 0b 0f 00 0b 
08 0b 0b 0f 08 03 
08 0b 0b 0f 11 
08 0b 0b 0f 1f 04 
08 0b 0b 13 0c 02 
08 0b 0b 13 0d 
08 0b 0b 13 0e 02 
08 0b 0b 13 0f 02 
08 0b 0b 13 18 02 
08 0b 0b 13 20 02 
08 0b 0b 13 27 02 
08 0b 0b 14 00 
08 0b 0b 14 0c 
08 0b 0b 14 0d 
08 0b 0b 14 0f 
08 0b 0b 15 1f 02 
08 0b 0b 15 1f 
08 0b 0b 16 00 
08 0b 0b 16 0e 03 
08 0b 0b 1b 00 
08 0b 0b 1b 01 
08 0b 0b 1b 02 
08 0b 0b 1b 0c 
08 0b 0b 1b 0d 
08 0b 0b 1b 10 
08 0b 0b 1b 11 
08 0b 0b 1b 16 
08 0b 0b 1b 18 
08 0b 0b 1b 19 
08 0b 0b 1b 1f 
08 0b 0b 1b 20 
08 0b 0b 1b 27 
08 0b 0b 1d 0d 
08 0b 0b 1d 0f 
08 0b 0b 24 02 
08 0b 0b 24 0c 02 
08 0b 0b 24 0d 
08 0b 0b 24 0e 02 
08 0b 0b 24 0f 02 
08 0b 0b 24 18 02 
08 0b 0b 24 1f 20 
08 0b 0b 24 20 02 
08 0b 0b 24 27 02 
08 0b 0b 25 00 02 
08 0b 0b 25 10 02 
08 0b 0b 25 18 
08 0b 0b 25 1f 
08 0b 0c 02 00 
08 0b 0c 02 01 
08 0b 0c 02 08 
08 0b 0c 02 09 
08 0b 0c 02 0f 
08 0b 0c 02 11 
08 0b 0c 02 1f 
08 0b 0c 02 20 
08 0b 0c 02 27 
08 0b 0c 03 00 
08 0b 0c 03 01 
08 0b 0c 03 08 
08 0b 0c 03 09 
08 0b 0c 03 0f 
08 0b 0c 03 11 
08 0b 0c 03 1f 
08 0b 0c 03 20 
08 0b 0c 03 27 
08 0b 0c 04 01 
08 0b 0c 04 08 
08 0b 0c 04 09 
08 0b 0c 04 11 
08 0b 0c 04 18 
08 0b 0c 04 19 
08 0b 0c 04 20 
08 0b 0c 04 27 
08 0b 0c 08 01 02 
08 0b 0c 08 08 
08 0b 0c 08 09 
08 0b 0c 08 10 02 
08 0b 0c 08 10 
08 0b 0c 08 11 
08 0b 0c 08 18 
08 0b 0c 08 19 02 
08 0b 0c 08 19 
08 0b 0c 08 1f 02 
08 0b 0c 08 1f 
08 0b 0c 08 20 02 
08 0b 0c 08 27 02 
08 0b 0c 0c 01 
08 0b 0c 0c 08 
08 0b 0c 0c 11 
08 0b 0c 0c 18 
08 0b 0c 0c 27 
08 0b 0c 0d 00 
08 0b 0c 0d 08 
08 0b 0c 0d 18 
08 0b 0c 0e 01 02 
08 0b 0c 0e 10 02 
08 0b 0c 0e 27 
08 0b 0c 0f 00 03 
08 0b 0c 0f 01 03 
08 0b 0c 0f 18 03 
08 0b 0c 0f 20 03 
08 0b 0c 0f 27 03 
08 0b 0c 13 09 03 
08 0b 0c 13 0f 02 
08 0b 0c 13 19 
08 0b 0c 14 00 
08 0b 0c 14 01 
08 0b 0c 14 08 
08 0b 0c 14 18 
08 0b 0c 14 19 
08 0b 0c 15 01 02 
08 0b 0c 15 09 02 
08 0b 0c 16 01 
08 0b 0c 16 0f 
08 0b 0c 16 17 03 
08 0b 0c 16 18 03 
08 0b 0c 1b 00 0c 
08 0b 0c 1b 01 
08 0b 0c 1b 08 
08 0b 0c 1b 09 
08 0b 0c 1b 11 
08 0b 0c 1b 18 
08 0b 0c 1b 19 
08 0b 0c 1b 1f 
08 0b 0c 1b 20 
08 0b 0c 1b 27 
08 0b 0c 1c 00 08 
08 0b 0c 1d 01 
08 0b 0c 1d 08 
08 0b 0c 1d 09 08 
08 0b 0c 1d 09 
08 0b 0c 1d 18 
08 0b 0c 1d 1f 
08 0b 0c 1d 27 
08 0b 0c 24 0f 02 
08 0b 0c 24 17 
08 0b 0c 24 18 02 
08 0b 0c 25 09 02 
08 0b 0c 25 10 02 
08 0b 0c 25 18 
08 0b 0c 25 1f 
08 0b 0d 02 00 08 
08 0b 0d 02 01 04 
08 0b 0d 02 01 
08 0b 0d 02 02 
08 0b 0d 02 08 
08 0b 0d 02 09 
08 0b 0d 02 0a 03 
08 0b 0d 02 0a 
08 0b 0d 02 0c 
08 0b 0d 02 10 04 
08 0b 0d 02 11 
08 0b 0d 02 16 
08 0b 0d 02 18 
08 0b 0d 02 19 04 
08 0b 0d 02 19 
08 0b 0d 02 1f 0e 
08 0b 0d 02 20 
08 0b 0d 03 01 
08 0b 0d 03 02 
08 0b 0d 03 08 
08 0b 0d 03 09 
08 0b 0d 03 0a 
08 0b 0d 03 0b 
08 0b 0d 03 0c 
08 0b 0d 03 10 04 
08 0b 0d 03 11 
08 0b 0d 03 16 
08 0b 0d 03 18 
08 0b 0d 03 20 
08 0b 0d 04 00 08 
08 0b 0d 04 01 
08 0b 0d 04 0a 00 
08 0b 0d 04 10 03 
08 0b 0d 04 11 
08 0b 0d 04 19 
08 0b 0d 08 00 02 
08 0b 0d 08 02 02 
08 0b 0d 08 09 
08 0b 0d 08 0b 
08 0b 0d 08 10 03 
08 0b 0d 08 11 02 
08 0b 0d 08 16 02 
08 0b 0d 08 18 02 
08 0b 0d 08 19 04 
08 0b 0d 08 
08 0b 0d 0c 00 02 
08 0b 0d 0c 01 02 
08 0b 0d 0c 02 02 
08 0b 0d 0c 02 
08 0b 0d 0c 0a 02 
08 0b 0d 0c 0a 
08 0b 0d 0c 0b 
08 0b 0d 0c 10 02 
08 0b 0d 0c 11 
08 0b 0d 0c 17 
08 0b 0d 0c 18 02 
08 0b 0d 0c 1f 03 
08 0b 0d 0d 00 03 
08 0b 0d 0d 01 04 
08 0b 0d 0d 0a 02 
08 0b 0d 0d 10 02 
08 0b 0d 0d 11 02 
08 0b 0d 0d 11 
08 0b 0d 0d 19 04 
08 0b 0d 0d 20 0f 
08 0b 0d 0e 00 02 
08 0b 0d 0e 01 1d 
08 0b 0d 0e 02 02 
08 0b 0d 0e 0a 02 
08 0b 0d 0e 10 03 
08 0b 0d 0e 17 02 
08 0b 0d 0e 18 02 
08 0b 0d 0e 19 
08 0b 0d 0e 20 0c 
08 0b 0d 0e 27 
08 0b 0d 0f 00 03 
08 0b 0d 0f 02 03 
08 0b 0d 0f 08 03 
08 0b 0d 0f 0a 0b 
08 0b 0d 0f 10 03 
08 0b 0d 0f 11 
08 0b 0d 0f 16 03 
08 0b 0d 0f 18 03 
08 0b 0d 0f 19 04 
08 0b 0d 0f 
08 0b 0d 13 0b 
08 0b 0d 13 0c 02 
08 0b 0d 13 18 03 
08 0b 0d 13 20 02 
08 0b 0d 14 08 
08 0b 0d 14 09 
08 0b 0d 14 0a 
08 0b 0d 14 0b 
08 0b 0d 14 19 
08 0b 0d 15 00 08 
08 0b 0d 15 02 
08 0b 0d 15 0a 02 
08 0b 0d 15 0b 
08 0b 0d 15 0c 
08 0b 0d 15 16 
08 0b 0d 15 1f 0e 
08 0b 0d 16 00 08 
08 0b 0d 16 08 
08 0b 0d 16 0c 
08 0b 0d 16 10 
08 0b 0d 16 18 
08 0b 0d 16 1f 0e 
08 0b 0d 1b 00 0e 
08 0b 0d 1b 00 
08 0b 0d 1b 01 04 
08 0b 0d 1b 02 
08 0b 0d 1b 0a 02 
08 0b 0d 1b 0b 
08 0b 0d 1b 11 
08 0b 0d 1b 16 
08 0b 0d 1b 18 
08 0b 0d 1b 1f 
08 0b 0d 1b 20 
08 0b 0d 1c 10 1a 
08 0b 0d 1d 02 
08 0b 0d 1d 08 
08 0b 0d 1d 09 
08 0b 0d 1d 0a 
08 0b 0d 1d 0b 
08 0b 0d 1d 10 
08 0b 0d 1d 16 
08 0b 0d 1d 18 
08 0b 0d 1d 19 04 
08 0b 0d 1d 19 
08 0b 0d 1d 1f 
08 0b 0d 24 09 02 
08 0b 0d 24 0b 
08 0b 0d 24 0c 02 
08 0b 0d 24 18 03 
08 0b 0d 24 18 
08 0b 0d 24 19 03 
08 0b 0d 24 20 02 
08 0b 0d 25 01 03 
08 0b 0d 25 0a 02 
08 0b 0d 25 0a 
08 0b 0d 25 0c 
08 0b 0d 25 18 
08 0b 0d 25 19 03 
08 0b 0d 25 1f 0e 
08 0b 0d 25 1f 
08 0b 0e 02 00 
08 0b 0e 02 01 
08 0b 0e 02 08 
08 0b 0e 02 0a 
08 0b 0e 02 0b 
08 0b 0e 02 0c 
08 0b 0e 02 11 
08 0b 0e 02 27 
08 0b 0e 03 00 
08 0b 0e 03 01 
08 0b 0e 03 02 
08 0b 0e 03 08 
08 0b 0e 03 09 
08 0b 0e 03 0a 
08 0b 0e 03 0b 
08 0b 0e 03 0c 
08 0b 0e 03 10 05 
08 0b 0e 03 1f 
08 0b 0e 03 20 
08 0b 0e 03 27 
08 0b 0e 08 00 02 
08 0b 0e 08 01 02 
08 0b 0e 08 09 
08 0b 0e 08 0a 
08 0b 0e 08 0b 
08 0b 0e 08 10 02 
08 0b 0e 08 11 02 
08 0b 0e 08 19 02 
08 0b 0e 08 27 02 
08 0b 0e 0c 09 
08 0b 0e 0c 11 
08 0b 0e 0c 17 
08 0b 0e 0d 01 02 
08 0b 0e 0d 0a 02 
08 0b 0e 0d 10 02 
08 0b 0e 0d 19 02 
08 0b 0e 0d 1f 02 
08 0b 0e 0d 20 02 
08 0b 0e 0d 27 02 
08 0b 0e 0e 00 02 
08 0b 0e 0e 01 02 
08 0b 0e 0e 02 02 
08 0b 0e 0e 10 09 
08 0b 0e 0e 17 02 
08 0b 0e 0e 19 02 
08 0b 0e 0e 20 0a 
08 0b 0e 0e 27 02 
08 0b 0e 0f 00 03 
08 0b 0e 0f 01 03 
08 0b 0e 0f 02 03 
08 0b 0e 0f 0a 03 
08 0b 0e 0f 10 03 
08 0b 0e 0f 11 0b 
08 0b 0e 0f 16 03 
08 0b 0e 0f 19 03 
08 0b 0e 0f 1f 03 
08 0b 0e 0f 20 03 
08 0b 0e 0f 27 03 
08 0b 0e 13 0a 02 
08 0b 0e 13 0b 02 
08 0b 0e 13 0c 02 
08 0b 0e 13 11 02 
08 0b 0e 13 16 0c 
08 0b 0e 13 18 02 
08 0b 0e 13 19 02 
08 0b 0e 13 20 02 
08 0b 0e 13 27 02 
08 0b 0e 14 00 
08 0b 0e 14 01 
08 0b 0e 14 02 
08 0b 0e 14 09 
08 0b 0e 14 0a 
08 0b 0e 14 0b 
08 0b 0e 14 11 
08 0b 0e 14 16 
08 0b 0e 14 18 
08 0b 0e 14 19 
08 0b 0e 14 20 
08 0b 0e 14 27 
08 0b 0e 15 00 08 
08 0b 0e 15 0a 0c 
08 0b 0e 15 11 02 
08 0b 0e 15 19 02 
08 0b 0e 15 1f 02 
08 0b 0e 16 00 
08 0b 0e 16 01 
08 0b 0e 16 0c 
08 0b 0e 16 11 08 
08 0b 0e 16 11 
08 0b 0e 16 19 
08 0b 0e 16 20 
08 0b 0e 1b 00 
08 0b 0e 1b 01 
08 0b 0e 1b 02 0c 
08 0b 0e 1b 09 
08 0b 0e 1b 0a 
08 0b 0e 1b 0b 
08 0b 0e 1b 10 02 
08 0b 0e 1b 16 0c 
08 0b 0e 1b 19 
08 0b 0e 1b 20 
08 0b 0e 1c 02 08 
08 0b 0e 1c 16 08 
08 0b 0e 1c 1f 
08 0b 0e 1d 01 
08 0b 0e 1d 02 08 
08 0b 0e 1d 02 
08 0b 0e 1d 09 
08 0b 0e 1d 0a 
08 0b 0e 1d 0c 
08 0b 0e 1d 10 
08 0b 0e 1d 16 08 
08 0b 0e 1d 18 
08 0b 0e 1d 27 
08 0b 0e 24 0a 02 
08 0b 0e 24 0b 02 
08 0b 0e 24 0c 02 
08 0b 0e 24 10 20 
08 0b 0e 24 11 02 
08 0b 0e 24 16 0c 
08 0b 0e 24 1f 20 
08 0b 0e 24 27 02 
08 0b 0e 25 02 08 
08 0b 0e 25 02 
08 0b 0e 25 0c 
08 0b 0e 25 16 08 
08 0b 0e 25 1f 
08 0b 10 02 02 05 
08 0b 10 02 0b 
08 0b 10 02 0d 04 
08 0b 10 02 13 0c 
08 0b 10 02 14 
08 0b 10 02 19 05 
08 0b 10 02 1f 0c 
08 0b 10 02 27 08 
08 0b 10 02 
08 0b 10 04 01 00 
08 0b 10 04 02 00 
08 0b 10 04 0b 00 
08 0b 10 04 0e 00 
08 0b 10 04 12 00 
08 0b 10 04 14 
08 0b 10 04 17 
08 0b 10 04 1e 08 
08 0b 10 04 1f 0c 
08 0b 10 04 20 0e 
08 0b 10 08 00 02 
08 0b 10 08 01 02 
08 0b 10 08 02 02 
08 0b 10 08 0b 02 
08 0b 10 08 0c 02 
08 0b 10 08 0c 
08 0b 10 08 0d 03 
08 0b 10 08 0e 02 
08 0b 10 08 12 
08 0b 10 08 13 02 
08 0b 10 08 14 
08 0b 10 08 18 02 
08 0b 10 08 1e 02 
08 0b 10 08 1f 0c 
08 0b 10 08 27 02 
08 0b 10 08 
08 0b 10 0c 01 02 
08 0b 10 0c 02 02 
08 0b 10 0c 0b 02 
08 0b 10 0c 0d 02 
08 0b 10 0c 18 02 
08 0b 10 0c 1e 02 
08 0b 10 0c 1f 02 
08 0b 10 0c 27 02 
08 0b 10 0d 00 02 
08 0b 10 0d 0b 02 
08 0b 10 0d 0c 02 
08 0b 10 0d 0d 02 
08 0b 10 0d 0e 02 
08 0b 10 0d 19 02 
08 0b 10 0d 1f 02 
08 0b 10 0d 20 08 
08 0b 10 0d 27 02 
08 0b 10 0e 00 02 
08 0b 10 0e 01 08 
08 0b 10 0e 02 02 
08 0b 10 0e 0c 02 
08 0b 10 0e 0d 03 
08 0b 10 0e 0e 09 
08 0b 10 0e 12 08 
08 0b 10 0e 13 02 
08 0b 10 0e 17 04 
08 0b 10 0e 19 08 
08 0b 10 0e 1e 02 
08 0b 10 0e 20 09 
08 0b 10 0f 00 08 
08 0b 10 0f 01 08 
08 0b 10 0f 02 08 
08 0b 10 0f 0e 08 
08 0b 10 0f 12 02 
08 0b 10 0f 1e 02 
08 0b 10 0f 1f 02 
08 0b 10 0f 1f 
08 0b 10 0f 27 09 
08 0b 10 0f 
08 0b 10 13 00 02 
08 0b 10 13 02 02 
08 0b 10 13 12 02 
08 0b 10 13 14 02 
08 0b 10 13 15 10 
08 0b 10 13 1e 04 
08 0b 10 13 20 04 
08 0b 10 16 00 08 
08 0b 10 16 01 04 
08 0b 10 16 02 04 
08 0b 10 16 09 03 
08 0b 10 16 0d 0c 
08 0b 10 16 0e 08 
08 0b 10 16 12 
08 0b 10 16 13 
08 0b 10 16 1f 0c 
08 0b 10 16 27 08 
08 0b 10 1b 00 02 
08 0b 10 1b 02 02 
08 0b 10 1b 08 
08 0b 10 1b 0b 
08 0b 10 1b 0e 02 
08 0b 10 1b 11 
08 0b 10 1b 12 
08 0b 10 1b 13 
08 0b 10 1b 17 
08 0b 10 1b 18 
08 0b 10 1b 19 
08 0b 10 1b 1e 
08 0b 10 1b 1f 0c 
08 0b 10 1b 20 04 
08 0b 10 1b 27 0c 
08 0b 10 1c 02 02 
08 0b 10 1c 0d 1a 
08 0b 10 1c 1f 0c 
08 0b 10 1c 1f 
08 0b 10 24 00 02 
08 0b 10 24 02 02 
08 0b 10 24 0e 20 
08 0b 10 24 12 02 
08 0b 10 24 14 02 
08 0b 10 24 1e 04 
08 0b 10 24 20 04 
08 0b 10 25 00 08 
08 0b 10 25 02 02 
08 0b 10 25 08 03 
08 0b 10 25 0b 02 
08 0b 10 25 0c 02 
08 0b 10 25 12 
08 0b 10 25 15 
08 0b 10 25 19 0c 
08 0b 10 25 1e 02 
08 0b 10 25 1f 04 
08 0b 10 25 1f 
08 0b 10 25 20 08 
08 0b 10 25 20 
08 0b 10 25 27 02 
08 0b 11 02 01 03 
08 0b 11 02 02 0e 
08 0b 11 02 02 
08 0b 11 02 0a 
08 0b 11 02 0b 
08 0b 11 02 0c 
08 0b 11 02 0d 
08 0b 11 02 0e 
08 0b 11 02 0f 
08 0b 11 02 15 
08 0b 11 02 17 0e 
08 0b 11 02 18 
08 0b 11 02 19 0d 
08 0b 11 02 
08 0b 11 04 01 00 
08 0b 11 04 02 0e 
08 0b 11 04 08 
08 0b 11 04 0a 
08 0b 11 04 0c 
08 0b 11 04 0d 
08 0b 11 04 0e 00 
08 0b 11 04 0e 
08 0b 11 04 14 
08 0b 11 04 15 
08 0b 11 04 18 
08 0b 11 04 19 02 
08 0b 11 04 19 
08 0b 11 04 1e 0d 
08 0b 11 04 27 
08 0b 11 04 
08 0b 11 08 00 0c 
08 0b 11 08 01 1d 
08 0b 11 08 02 
08 0b 11 08 08 
08 0b 11 08 0a 02 
08 0b 11 08 0a 
08 0b 11 08 0c 
08 0b 11 08 0d 02 
08 0b 11 08 0e 02 
08 0b 11 08 10 1d 
08 0b 11 08 14 
08 0b 11 08 15 
08 0b 11 08 17 1d 
08 0b 11 08 18 02 
08 0b 11 08 19 
08 0b 11 08 27 0c 
08 0b 11 0d 00 09 
08 0b 11 0d 01 09 
08 0b 11 0d 0c 
08 0b 11 0d 0d 02 
08 0b 11 0d 0d 
08 0b 11 0d 19 02 
08 0b 11 0d 27 09 
08 0b 11 0e 00 13 
08 0b 11 0e 01 02 
08 0b 11 0e 02 02 
08 0b 11 0e 10 08 
08 0b 11 0e 14 08 
08 0b 11 0e 16 02 
08 0b 11 0e 17 02 
08 0b 11 0e 18 02 
08 0b 11 0e 19 0b 
08 0b 11 0e 1e 1c 
08 0b 11 0e 
08 0b 11 0f 00 0b 
08 0b 11 0f 01 0b 
08 0b 11 0f 0d 
08 0b 11 0f 0e 0b 
08 0b 11 0f 14 0d 
08 0b 11 0f 16 04 
08 0b 11 0f 17 1d 
08 0b 11 0f 19 13 
08 0b 11 0f 27 0b 
08 0b 11 13 00 02 
08 0b 11 13 0a 02 
08 0b 11 13 0e 02 
08 0b 11 13 14 02 
08 0b 11 13 15 02 
08 0b 11 13 17 0e 
08 0b 11 13 18 02 
08 0b 11 13 19 02 
08 0b 11 13 1e 0d 
08 0b 11 13 27 02 
08 0b 11 13 
08 0b 11 14 01 02 
08 0b 11 14 09 
08 0b 11 14 0e 
08 0b 11 14 15 
08 0b 11 14 19 0d 
08 0b 11 14 19 
08 0b 11 16 00 12 
08 0b 11 16 01 04 
08 0b 11 16 0b 
08 0b 11 16 0e 08 
08 0b 11 16 0e 
08 0b 11 16 17 0e 
08 0b 11 16 27 04 
08 0b 11 16 
08 0b 11 1b 00 0e 
08 0b 11 1b 01 04 
08 0b 11 1b 02 
08 0b 11 1b 08 03 
08 0b 11 1b 08 
08 0b 11 1b 0a 
08 0b 11 1b 0c 
08 0b 11 1b 0d 
08 0b 11 1b 14 
08 0b 11 1b 17 0e 
08 0b 11 1b 19 
08 0b 11 1b 1f 0e 
08 0b 11 1b 27 0e 
08 0b 11 1c 00 14 
08 0b 11 1c 14 04 
08 0b 11 1c 19 04 
08 0b 11 1c 1f 
08 0b 11 1d 00 02 
08 0b 11 1d 01 02 
08 0b 11 1d 02 02 
08 0b 11 1d 02 
08 0b 11 1d 14 18 
08 0b 11 1d 15 
08 0b 11 1d 17 02 
08 0b 11 1d 19 0d 
08 0b 11 1d 1e 0d 
08 0b 11 1d 20 1b 
08 0b 11 1d 27 
08 0b 11 1d 
08 0b 11 24 00 02 
08 0b 11 24 02 0e 
08 0b 11 24 0a 02 
08 0b 11 24 0e 02 
08 0b 11 24 14 02 
08 0b 11 24 15 02 
08 0b 11 24 17 0e 
08 0b 11 24 18 02 
08 0b 11 24 19 02 
08 0b 11 24 1e 0d 
08 0b 11 24 27 02 
08 0b 11 24 
08 0b 11 25 00 02 
08 0b 11 25 00 
08 0b 11 25 01 02 
08 0b 11 25 01 
08 0b 11 25 02 0e 
08 0b 11 25 0b 
08 0b 11 25 19 
08 0b 11 25 1e 
08 0b 11 25 1f 0e 
08 0b 11 25 20 
08 0b 11 25 27 02 
08 0b 16 02 0b 
08 0b 16 02 0d 
08 0b 16 02 0f 
08 0b 16 02 12 
08 0b 16 02 1f 05 
08 0b 16 04 0b 
08 0b 16 04 0c 
08 0b 16 04 0d 
08 0b 16 04 0e 
08 0b 16 04 12 
08 0b 16 04 1e 
08 0b 16 04 20 0d 
08 0b 16 04 27 08 
08 0b 16 08 0a 
08 0b 16 08 0b 
08 0b 16 08 0c 
08 0b 16 08 0d 02 
08 0b 16 08 11 02 
08 0b 16 08 12 
08 0b 16 08 17 02 
08 0b 16 08 18 02 
08 0b 16 08 1e 02 
08 0b 16 08 1f 0c 
08 0b 16 0c 00 0f 
08 0b 16 0c 0b 
08 0b 16 0c 0c 
08 0b 16 0c 1e 
08 0b 16 0d 08 
08 0b 16 0d 0e 
08 0b 16 0d 12 
08 0b 16 0d 18 
08 0b 16 0d 1e 
08 0b 16 0d 20 0a 
08 0b 16 0d 27 
08 0b 16 0e 00 08 
08 0b 16 0e 01 1d 
08 0b 16 0e 11 02 
08 0b 16 0e 17 08 
08 0b 16 0e 1f 1b 
08 0b 16 0f 0a 03 
08 0b 16 0f 0d 03 
08 0b 16 0f 0e 03 
08 0b 16 0f 1f 0d 
08 0b 16 13 01 0d 
08 0b 16 13 08 0c 
08 0b 16 13 0a 02 
08 0b 16 13 0c 
08 0b 16 13 0e 0c 
08 0b 16 13 12 02 
08 0b 16 13 18 0c 
08 0b 16 13 1e 0c 
08 0b 16 13 1f 16 
08 0b 16 13 20 0d 
08 0b 16 14 08 08 
08 0b 16 14 09 
08 0b 16 14 0c 
08 0b 16 14 0d 
08 0b 16 14 0e 08 
08 0b 16 14 18 08 
08 0b 16 14 1f 0c 
08 0b 16 14 1f 
08 0b 16 16 17 
08 0b 16 16 1f 04 
08 0b 16 16 27 1c 
08 0b 16 1b 01 0c 
08 0b 16 1b 0b 
08 0b 16 1b 0c 
08 0b 16 1b 0d 
08 0b 16 1b 0e 0c 
08 0b 16 1b 17 
08 0b 16 1b 1e 
08 0b 16 1b 1f 02 
08 0b 16 1c 08 08 
08 0b 16 1c 0e 08 
08 0b 16 1d 0c 
08 0b 16 1d 0d 
08 0b 16 1d 0e 08 
08 0b 16 1d 12 
08 0b 16 1d 17 08 
08 0b 16 1d 18 08 
08 0b 16 1d 1e 
08 0b 16 1d 1f 08 
08 0b 16 1d 20 0d 
08 0b 16 24 01 0d 
08 0b 16 24 0e 0c 
08 0b 16 24 12 02 
08 0b 16 24 18 02 
08 0b 16 24 1f 26 
08 0b 16 24 20 0d 
08 0b 16 25 00 0c 
08 0b 16 25 0e 08 
08 0b 16 25 1f 02 
08 0b 16 25 1f 
08 0b 16 25 20 0d 
08 0b 16 25 20 
08 0b 17 02 00 08 
08 0b 17 02 10 
08 0b 17 02 13 
08 0b 17 02 20 05 
08 0b 17 04 0a 00 
08 0b 17 04 12 00 
08 0b 17 04 18 00 
08 0b 17 04 19 00 
08 0b 17 04 1e 00 
08 0b 17 08 00 02 
08 0b 17 08 0a 0d 
08 0b 17 08 10 02 
08 0b 17 08 11 
08 0b 17 08 12 0c 
08 0b 17 08 13 
08 0b 17 08 14 02 
08 0b 17 08 18 02 
08 0b 17 08 19 13 
08 0b 17 08 1e 02 
08 0b 17 08 1e 
08 0b 17 08 20 02 
08 0b 17 0c 0a 
08 0b 17 0c 0d 
08 0b 17 0c 0e 
08 0b 17 0c 18 02 
08 0b 17 0c 27 
08 0b 17 0d 12 09 
08 0b 17 0d 14 02 
08 0b 17 0d 18 02 
08 0b 17 0d 20 09 
08 0b 17 0d 27 02 
08 0b 17 0e 00 1b 
08 0b 17 0e 0a 08 
08 0b 17 0e 0d 02 
08 0b 17 0e 0e 02 
08 0b 17 0e 11 02 
08 0b 17 0e 12 02 
08 0b 17 0e 14 08 
08 0b 17 0e 19 08 
08 0b 17 0e 20 0a 
08 0b 17 0e 27 02 
08 0b 17 0e 
08 0b 17 0f 00 1b 
08 0b 17 0f 10 0b 
08 0b 17 0f 12 0b 
08 0b 17 0f 19 0b 
08 0b 17 0f 1e 
08 0b 17 0f 20 0b 
08 0b 17 0f 27 04 
08 0b 17 13 0a 02 
08 0b 17 13 10 02 
08 0b 17 13 12 02 
08 0b 17 13 13 02 
08 0b 17 13 19 02 
08 0b 17 14 00 08 
08 0b 17 14 01 02 
08 0b 17 14 10 02 
08 0b 17 14 18 02 
08 0b 17 16 00 08 
08 0b 17 16 02 0d 
08 0b 17 16 0c 03 
08 0b 17 16 10 08 
08 0b 17 16 14 
08 0b 17 1b 0a 0d 
08 0b 17 1b 10 02 
08 0b 17 1b 11 
08 0b 17 1b 14 
08 0b 17 1b 20 0e 
08 0b 17 1c 10 02 
08 0b 17 1d 00 04 
08 0b 17 1d 0a 18 
08 0b 17 1d 12 02 
08 0b 17 1d 13 
08 0b 17 1d 14 08 
08 0b 17 1d 20 02 
08 0b 17 24 00 02 
08 0b 17 24 02 02 
08 0b 17 24 0a 02 
08 0b 17 24 0c 
08 0b 17 24 10 02 
08 0b 17 24 12 02 
08 0b 17 24 13 02 
08 0b 17 24 19 02 
08 0b 17 24 1e 02 
08 0b 17 24 20 0e 
08 0b 17 24 27 0d 
08 0b 18 02 00 
08 0b 18 02 01 
08 0b 18 02 0b 
08 0b 18 02 0d 
08 0b 18 02 0f 
08 0b 18 02 11 
08 0b 18 02 1c 
08 0b 18 02 1e 08 
08 0b 18 02 26 
08 0b 18 02 27 
08 0b 18 04 08 
08 0b 18 04 0c 
08 0b 18 04 0d 
08 0b 18 04 11 
08 0b 18 04 12 
08 0b 18 04 17 01 
08 0b 18 04 17 
08 0b 18 04 1b 00 
08 0b 18 04 1c 
08 0b 18 04 20 03 
08 0b 18 04 26 00 
08 0b 18 04 26 
08 0b 18 04 27 
08 0b 18 08 00 02 
08 0b 18 08 02 02 
08 0b 18 08 08 
08 0b 18 08 0a 02 
08 0b 18 08 0c 
08 0b 18 08 0d 02 
08 0b 18 08 10 02 
08 0b 18 08 11 02 
08 0b 18 08 12 
08 0b 18 08 16 02 
08 0b 18 08 17 02 
08 0b 18 08 1b 02 
08 0b 18 08 1c 
08 0b 18 08 1d 
08 0b 18 08 1e 02 
08 0b 18 08 20 02 
08 0b 18 08 26 02 
08 0b 18 08 26 
08 0b 18 0c 02 
08 0b 18 0c 08 
08 0b 18 0c 0a 02 
08 0b 18 0c 0b 
08 0b 18 0c 0c 
08 0b 18 0c 0d 02 
08 0b 18 0c 10 02 
08 0b 18 0c 11 02 
08 0b 18 0c 17 02 
08 0b 18 0c 1e 02 
08 0b 18 0c 27 
08 0b 18 0d 00 02 
08 0b 18 0d 08 03 
08 0b 18 0d 0a 02 
08 0b 18 0d 0b 
08 0b 18 0d 17 02 
08 0b 18 0d 1b 02 
08 0b 18 0e 01 
08 0b 18 0e 02 02 
08 0b 18 0e 08 03 
08 0b 18 0e 0a 08 
08 0b 18 0e 0b 02 
08 0b 18 0e 0d 02 
08 0b 18 0e 11 02 
08 0b 18 0e 12 02 
08 0b 18 0e 1b 
08 0b 18 0e 20 02 
08 0b 18 0e 26 02 
08 0b 18 0e 27 
08 0b 18 0f 00 0b 
08 0b 18 0f 02 04 
08 0b 18 0f 0a 03 
08 0b 18 0f 0c 03 
08 0b 18 0f 0d 03 
08 0b 18 0f 10 04 
08 0b 18 0f 1b 04 
08 0b 18 14 00 
08 0b 18 14 01 
08 0b 18 14 02 
08 0b 18 14 08 
08 0b 18 14 0c 
08 0b 18 14 0e 
08 0b 18 14 11 
08 0b 18 14 12 
08 0b 18 14 16 
08 0b 18 14 17 02 
08 0b 18 14 17 
08 0b 18 14 1a 
08 0b 18 14 1b 
08 0b 18 14 1c 
08 0b 18 14 1f 
08 0b 18 14 20 02 
08 0b 18 14 20 
08 0b 18 14 26 
08 0b 18 16 02 04 
08 0b 18 16 0c 03 
08 0b 18 16 0d 
08 0b 18 16 1a 
08 0b 18 16 27 
08 0b 18 1b 00 02 
08 0b 18 1b 08 03 
08 0b 18 1b 08 
08 0b 18 1b 0a 
08 0b 18 1b 0d 
08 0b 18 1b 10 
08 0b 18 1b 11 
08 0b 18 1b 12 
08 0b 18 1b 18 
08 0b 18 1b 1b 02 
08 0b 18 1b 1e 
08 0b 18 1b 26 
08 0b 18 1b 27 
08 0b 18 1d 00 
08 0b 18 1d 01 
08 0b 18 1d 02 
08 0b 18 1d 08 03 
08 0b 18 1d 08 
08 0b 18 1d 0a 02 
08 0b 18 1d 0c 
08 0b 18 1d 0d 
08 0b 18 1d 0e 
08 0b 18 1d 18 
08 0b 18 1d 1a 
08 0b 18 1d 1b 
08 0b 18 1d 1c 
08 0b 18 1d 20 
08 0b 18 1d 26 
08 0b 18 1d 27 
08 0b 18 24 00 02 
08 0b 18 24 02 02 
08 0b 18 24 0b 02 
08 0b 18 24 0c 02 
08 0b 18 24 0d 03 
08 0b 18 24 0d 
08 0b 18 24 11 02 
08 0b 18 24 16 02 
08 0b 18 24 19 02 
08 0b 18 24 1a 02 
08 0b 18 24 1c 02 
08 0b 18 24 1d 02 
08 0b 18 24 1e 04 
08 0b 18 24 20 14 
08 0b 18 24 26 02 
08 0b 18 24 27 02 
08 0b 18 24 
08 0b 19 02 00 
08 0b 19 02 01 
08 0b 19 02 0a 
08 0b 19 02 0b 
08 0b 19 02 0d 04 
08 0b 19 02 0d 
08 0b 19 02 0f 
08 0b 19 02 10 05 
08 0b 19 02 11 0d 
08 0b 19 02 1d 
08 0b 19 02 26 0d 
08 0b 19 02 27 05 
08 0b 19 04 08 00 
08 0b 19 04 08 
08 0b 19 04 0a 
08 0b 19 04 0b 
08 0b 19 04 0c 
08 0b 19 04 0e 00 
08 0b 19 04 0e 
08 0b 19 04 11 02 
08 0b 19 04 11 
08 0b 19 04 12 
08 0b 19 04 1d 
08 0b 19 04 1e 00 
08 0b 19 04 1e 
08 0b 19 04 1f 00 
08 0b 19 04 1f 
08 0b 19 04 26 
08 0b 19 08 08 
08 0b 19 08 0a 02 
08 0b 19 08 0a 
08 0b 19 08 0b 02 
08 0b 19 08 0b 
08 0b 19 08 0c 02 
08 0b 19 08 0c 
08 0b 19 08 0d 04 
08 0b 19 08 0e 02 
08 0b 19 08 11 
08 0b 19 08 12 
08 0b 19 08 17 13 
08 0b 19 08 18 02 
08 0b 19 08 1d 
08 0b 19 08 1f 02 
08 0b 19 08 26 
08 0b 19 08 27 04 
08 0b 19 0c 00 
08 0b 19 0c 01 0d 
08 0b 19 0c 0b 
08 0b 19 0c 0d 03 
08 0b 19 0c 0d 
08 0b 19 0c 0e 02 
08 0b 19 0c 10 1c 
08 0b 19 0c 11 02 
08 0b 19 0c 11 
08 0b 19 0c 1d 
08 0b 19 0c 1e 
08 0b 19 0c 1f 
08 0b 19 0c 26 0d 
08 0b 19 0c 26 
08 0b 19 0c 27 04 
08 0b 19 0c 27 
08 0b 19 0d 0d 04 
08 0b 19 0d 0e 02 
08 0b 19 0d 10 02 
08 0b 19 0d 11 02 
08 0b 19 0d 26 02 
08 0b 19 0d 27 04 
08 0b 19 0d 
08 0b 19 0e 00 08 
08 0b 19 0e 0a 02 
08 0b 19 0e 0d 
08 0b 19 0e 0e 02 
08 0b 19 0e 10 08 
08 0b 19 0e 11 0b 
08 0b 19 0e 12 08 
08 0b 19 0e 17 08 
08 0b 19 0f 0d 04 
08 0b 19 0f 0e 03 
08 0b 19 0f 10 0d 
08 0b 19 0f 11 13 
08 0b 19 0f 12 0d 
08 0b 19 0f 17 0b 
08 0b 19 0f 1f 0b 
08 0b 19 0f 27 04 
08 0b 19 13 00 0e 
08 0b 19 13 0c 
08 0b 19 13 0e 02 
08 0b 19 13 10 02 
08 0b 19 13 11 02 
08 0b 19 13 12 02 
08 0b 19 13 17 02 
08 0b 19 13 1d 02 
08 0b 19 13 1e 02 
08 0b 19 13 1f 02 
08 0b 19 13 26 0d 
08 0b 19 13 27 15 
08 0b 19 14 00 
08 0b 19 14 01 02 
08 0b 19 14 01 
08 0b 19 14 08 
08 0b 19 14 09 
08 0b 19 14 0a 
08 0b 19 14 0c 
08 0b 19 14 0d 
08 0b 19 14 0e 
08 0b 19 14 12 
08 0b 19 14 18 
08 0b 19 14 1d 
08 0b 19 14 1e 
08 0b 19 14 1f 
08 0b 19 14 26 
08 0b 19 14 27 02 
08 0b 19 14 27 
08 0b 19 14 
08 0b 19 16 00 0e 
08 0b 19 16 0e 
08 0b 19 16 1f 08 
08 0b 19 1b 01 14 
08 0b 19 1b 08 
08 0b 19 1b 0a 
08 0b 19 1b 0b 
08 0b 19 1b 0c 
08 0b 19 1b 0e 
08 0b 19 1b 10 
08 0b 19 1b 11 
08 0b 19 1b 12 
08 0b 19 1b 18 
08 0b 19 1b 1e 
08 0b 19 1b 1f 02 
08 0b 19 1b 1f 
08 0b 19 1b 27 04 
08 0b 19 1c 01 14 
08 0b 19 1c 0d 04 
08 0b 19 1c 0e 02 
08 0b 19 1c 11 02 
08 0b 19 1c 27 04 
08 0b 19 1d 01 14 
08 0b 19 1d 0d 04 
08 0b 19 1d 0d 
08 0b 19 1d 10 18 
08 0b 19 1d 11 0d 
08 0b 19 1d 12 18 
08 0b 19 1d 18 
08 0b 19 1d 1d 
08 0b 19 1d 1f 
08 0b 19 1d 27 04 
08 0b 19 24 00 0e 
08 0b 19 24 08 03 
08 0b 19 24 0d 03 
08 0b 19 24 11 02 
08 0b 19 24 12 02 
08 0b 19 24 17 02 
08 0b 19 24 1d 02 
08 0b 19 24 1e 02 
08 0b 19 24 1f 02 
08 0b 19 24 26 0d 
08 0b 19 24 27 04 
08 0b 19 25 01 0c 
08 0b 19 25 0d 03 
08 0b 19 25 10 0c 
08 0b 19 25 11 
08 0b 19 25 27 04 
08 0b 1f 02 00 0c 
08 0b 1f 02 01 0c 
08 0b 1f 02 0a 03 
08 0b 1f 02 0c 
08 0b 1f 02 0d 0e 
08 0b 1f 02 0f 
08 0b 1f 02 10 0c 
08 0b 1f 02 16 05 
08 0b 1f 02 18 
08 0b 1f 02 19 08 
08 0b 1f 02 1b 
08 0b 1f 02 26 0e 
08 0b 1f 04 02 0c 
08 0b 1f 04 0a 0c 
08 0b 1f 04 0b 00 
08 0b 1f 04 0e 01 
08 0b 1f 04 0f 
08 0b 1f 04 11 0e 
08 0b 1f 04 16 0c 
08 0b 1f 04 1c 00 
08 0b 1f 08 00 0c 
08 0b 1f 08 00 
08 0b 1f 08 02 0c 
08 0b 1f 08 0a 0c 
08 0b 1f 08 0b 0c 
08 0b 1f 08 0c 02 
08 0b 1f 08 0c 
08 0b 1f 08 10 0c 
08 0b 1f 08 16 0c 
08 0b 1f 08 18 02 
08 0b 1f 08 19 02 
08 0b 1f 08 1a 1d 
08 0b 1f 08 1b 
08 0b 1f 0c 00 02 
08 0b 1f 0c 01 02 
08 0b 1f 0c 0d 03 
08 0b 1f 0c 10 02 
08 0b 1f 0c 19 02 
08 0b 1f 0c 1a 04 
08 0b 1f 0c 1c 
08 0b 1f 0c 27 02 
08 0b 1f 0d 0b 02 
08 0b 1f 0d 0c 02 
08 0b 1f 0d 0e 02 
08 0b 1f 0d 10 02 
08 0b 1f 0d 1a 09 
08 0b 1f 0d 20 09 
08 0b 1f 0e 00 02 
08 0b 1f 0e 01 02 
08 0b 1f 0e 01 
08 0b 1f 0e 02 02 
08 0b 1f 0e 0a 02 
08 0b 1f 0e 0d 02 
08 0b 1f 0e 16 02 
08 0b 1f 0e 26 02 
08 0b 1f 0f 00 24 
08 0b 1f 0f 0b 04 
08 0b 1f 0f 0e 03 
08 0b 1f 0f 10 0d 
08 0b 1f 0f 16 0d 
08 0b 1f 0f 18 0b 
08 0b 1f 0f 1a 04 
08 0b 1f 0f 20 0b 
08 0b 1f 13 02 0c 
08 0b 1f 13 09 10 
08 0b 1f 13 10 10 
08 0b 1f 13 12 10 
08 0b 1f 13 16 16 
08 0b 1f 13 18 02 
08 0b 1f 13 19 04 
08 0b 1f 13 1b 02 
08 0b 1f 13 1c 02 
08 0b 1f 13 26 10 
08 0b 1f 14 01 02 
08 0b 1f 14 09 02 
08 0b 1f 14 18 
08 0b 1f 16 09 03 
08 0b 1f 16 0d 0e 
08 0b 1f 16 10 04 
08 0b 1f 16 16 04 
08 0b 1f 16 18 08 
08 0b 1f 1b 00 0e 
08 0b 1f 1b 0a 02 
08 0b 1f 1b 0a 
08 0b 1f 1b 0b 
08 0b 1f 1b 0c 
08 0b 1f 1b 0d 
08 0b 1f 1b 10 0c 
08 0b 1f 1b 11 0e 
08 0b 1f 1b 16 02 
08 0b 1f 1b 18 02 
08 0b 1f 1b 18 
08 0b 1f 1b 19 
08 0b 1f 1b 1c 
08 0b 1f 1b 26 02 
08 0b 1f 1c 01 0e 
08 0b 1f 1c 02 08 
08 0b 1f 1c 0a 02 
08 0b 1f 1c 0d 04 
08 0b 1f 1c 10 08 
08 0b 1f 1c 16 02 
08 0b 1f 1d 10 02 
08 0b 1f 1d 16 02 
08 0b 1f 24 02 0c 
08 0b 1f 24 0b 20 
08 0b 1f 24 0e 20 
08 0b 1f 24 16 26 
08 0b 1f 24 18 02 
08 0b 1f 24 19 04 
08 0b 1f 24 1b 02 
08 0b 1f 24 1c 02 
08 0b 1f 25 00 08 
08 0b 1f 25 02 08 
08 0b 1f 25 02 
08 0b 1f 25 08 
08 0b 1f 25 0a 
08 0b 1f 25 0b 
08 0b 1f 25 0c 
08 0b 1f 25 0d 0e 
08 0b 1f 25 0d 
08 0b 1f 25 0e 
08 0b 1f 25 10 04 
08 0b 1f 25 10 
08 0b 1f 25 11 0e 
08 0b 1f 25 12 
08 0b 1f 25 16 02 
08 0b 1f 25 16 
08 0b 1f 25 17 02 
08 0b 1f 25 17 
08 0b 1f 25 19 04 
08 0b 20 02 00 0e 
08 0b 20 02 00 
08 0b 20 02 01 0e 
08 0b 20 02 01 
08 0b 20 02 0a 
08 0b 20 02 0b 
08 0b 20 02 0c 
08 0b 20 02 0d 
08 0b 20 02 0f 
08 0b 20 02 11 
08 0b 20 02 17 05 
08 0b 20 02 24 
08 0b 20 02 25 
08 0b 20 04 01 0e 
08 0b 20 04 02 0d 
08 0b 20 04 08 
08 0b 20 04 0a 00 
08 0b 20 04 0c 
08 0b 20 04 0d 
08 0b 20 04 10 0e 
08 0b 20 04 11 00 
08 0b 20 04 16 0d 
08 0b 20 04 17 0e 
08 0b 20 04 18 03 
08 0b 20 04 24 
08 0b 20 08 01 
08 0b 20 08 08 
08 0b 20 08 0a 02 
08 0b 20 08 0b 
08 0b 20 08 0c 
08 0b 20 08 0d 02 
08 0b 20 08 0e 
08 0b 20 08 11 0c 
08 0b 20 08 17 04 
08 0b 20 08 1a 
08 0b 20 08 24 
08 0b 20 08 25 02 
08 0b 20 08 26 02 
08 0b 20 0d 00 14 
08 0b 20 0d 0a 03 
08 0b 20 0d 0d 02 
08 0b 20 0d 19 14 
08 0b 20 0e 01 02 
08 0b 20 0e 02 14 
08 0b 20 0e 11 02 
08 0b 20 0e 17 13 
08 0b 20 0e 19 14 
08 0b 20 0e 1a 
08 0b 20 0e 20 08 
08 0b 20 0e 25 02 
08 0b 20 0e 25 
08 0b 20 0e 26 
08 0b 20 0e 
08 0b 20 0f 01 14 
08 0b 20 0f 0a 03 
08 0b 20 0f 11 0b 
08 0b 20 0f 18 14 
08 0b 20 13 01 1d 
08 0b 20 13 0a 02 
08 0b 20 13 0d 02 
08 0b 20 13 0e 02 
08 0b 20 13 10 02 
08 0b 20 13 11 02 
08 0b 20 13 16 0d 
08 0b 20 13 24 02 
08 0b 20 13 25 02 
08 0b 20 13 26 02 
08 0b 20 14 00 
08 0b 20 14 01 
08 0b 20 14 02 02 
08 0b 20 14 09 
08 0b 20 14 0e 
08 0b 20 14 11 
08 0b 20 14 16 02 
08 0b 20 14 18 02 
08 0b 20 14 18 
08 0b 20 14 1a 
08 0b 20 14 24 
08 0b 20 14 25 
08 0b 20 16 0e 
08 0b 20 16 26 0d 
08 0b 20 1b 00 
08 0b 20 1b 01 
08 0b 20 1b 02 14 
08 0b 20 1b 08 
08 0b 20 1b 0a 02 
08 0b 20 1b 0b 
08 0b 20 1b 0c 
08 0b 20 1b 0d 
08 0b 20 1b 0e 
08 0b 20 1b 10 04 
08 0b 20 1b 11 04 
08 0b 20 1b 17 0e 
08 0b 20 1b 18 
08 0b 20 1b 19 14 
08 0b 20 1b 1a 
08 0b 20 1c 00 14 
08 0b 20 1c 01 0e 
08 0b 20 1c 02 14 
08 0b 20 1c 19 04 
08 0b 20 1d 00 02 
08 0b 20 1d 01 
08 0b 20 1d 02 0d 
08 0b 20 1d 10 0e 
08 0b 20 1d 10 
08 0b 20 1d 11 02 
08 0b 20 1d 16 0d 
08 0b 20 1d 17 02 
08 0b 20 1d 18 
08 0b 20 1d 1a 
08 0b 20 1d 24 
08 0b 20 1d 25 02 
08 0b 20 1d 25 
08 0b 20 24 08 03 
08 0b 20 24 0a 02 
08 0b 20 24 0d 02 
08 0b 20 24 10 04 
08 0b 20 24 11 02 
08 0b 20 24 16 0d 
08 0b 20 24 17 0e 
08 0b 20 24 18 14 
08 0b 20 24 19 14 
08 0b 20 24 24 02 
08 0b 20 24 25 02 
08 0b 20 24 26 02 
08 0b 20 25 01 0e 
08 0b 20 25 0a 21 
08 0b 20 25 0b 
08 0b 20 25 10 08 
08 0b 20 25 10 
08 0b 20 25 11 02 
08 0b 20 25 11 
08 0b 20 25 16 0d 
08 0b 20 25 16 
08 0b 20 25 17 
08 0b 20 25 18 
08 0b 27 02 00 0e 
08 0b 27 02 02 
08 0b 27 02 0a 
08 0b 27 02 0b 
08 0b 27 02 0c 
08 0b 27 02 0e 
08 0b 27 02 0f 
08 0b 27 02 10 08 
08 0b 27 02 18 
08 0b 27 02 19 05 
08 0b 27 02 1a 
08 0b 27 02 20 
08 0b 27 02 23 
08 0b 27 04 01 
08 0b 27 04 0c 00 
08 0b 27 04 11 00 
08 0b 27 04 11 
08 0b 27 04 16 0c 
08 0b 27 04 17 00 
08 0b 27 04 19 
08 0b 27 04 22 00 
08 0b 27 08 0b 02 
08 0b 27 08 0c 02 
08 0b 27 08 0e 02 
08 0b 27 08 10 02 
08 0b 27 08 11 0c 
08 0b 27 08 19 04 
08 0b 27 08 1a 02 
08 0b 27 08 20 02 
08 0b 27 08 23 
08 0b 27 08 24 02 
08 0b 27 08 
08 0b 27 0c 00 1b 
08 0b 27 0c 01 04 
08 0b 27 0c 0c 02 
08 0b 27 0c 10 02 
08 0b 27 0c 11 02 
08 0b 27 0c 16 04 
08 0b 27 0c 19 04 
08 0b 27 0c 20 02 
08 0b 27 0c 22 08 
08 0b 27 0c 
08 0b 27 0d 0a 0f 
08 0b 27 0d 0b 02 
08 0b 27 0d 0e 02 
08 0b 27 0d 10 02 
08 0b 27 0d 11 09 
08 0b 27 0d 17 02 
08 0b 27 0d 19 04 
08 0b 27 0d 1a 02 
08 0b 27 0d 20 02 
08 0b 27 0d 22 09 
08 0b 27 0d 
08 0b 27 0e 00 02 
08 0b 27 0e 00 
08 0b 27 0e 01 1d 
08 0b 27 0e 08 
08 0b 27 0e 0a 0c 
08 0b 27 0e 0c 
08 0b 27 0e 0e 02 
08 0b 27 0e 17 02 
08 0b 27 0e 18 
08 0b 27 0e 20 02 
08 0b 27 0e 22 02 
08 0b 27 0e 
08 0b 27 0f 0c 03 
08 0b 27 0f 0e 03 
08 0b 27 0f 10 04 
08 0b 27 0f 11 0b 
08 0b 27 0f 17 04 
08 0b 27 0f 19 04 
08 0b 27 0f 1a 04 
08 0b 27 0f 20 0b 
08 0b 27 0f 22 0b 
08 0b 27 0f 
08 0b 27 13 00 10 
08 0b 27 13 02 16 
08 0b 27 13 0b 02 
08 0b 27 13 0e 02 
08 0b 27 13 11 02 
08 0b 27 13 18 02 
08 0b 27 13 19 15 
08 0b 27 13 20 02 
08 0b 27 13 23 02 
08 0b 27 13 24 02 
08 0b 27 13 
08 0b 27 14 01 02 
08 0b 27 14 02 02 
08 0b 27 14 0e 
08 0b 27 14 16 02 
08 0b 27 14 19 02 
08 0b 27 14 19 
08 0b 27 14 20 02 
08 0b 27 14 20 
08 0b 27 14 22 
08 0b 27 14 23 
08 0b 27 16 02 1c 
08 0b 27 16 09 
08 0b 27 16 0a 
08 0b 27 16 10 
08 0b 27 16 11 04 
08 0b 27 16 16 1c 
08 0b 27 16 18 
08 0b 27 16 1a 08 
08 0b 27 16 20 08 
08 0b 27 16 24 
08 0b 27 16 
08 0b 27 1b 00 02 
08 0b 27 1b 00 
08 0b 27 1b 01 14 
08 0b 27 1b 02 14 
08 0b 27 1b 08 08 
08 0b 27 1b 0a 0d 
08 0b 27 1b 0b 
08 0b 27 1b 0c 
08 0b 27 1b 10 0c 
08 0b 27 1b 11 0e 
08 0b 27 1b 18 
08 0b 27 1b 19 04 
08 0b 27 1b 20 02 
08 0b 27 1b 24 
08 0b 27 1b 
08 0b 27 1c 00 02 
08 0b 27 1c 20 02 
08 0b 27 1c 22 02 
08 0b 27 1d 01 14 
08 0b 27 1d 08 
08 0b 27 1d 0a 
08 0b 27 1d 0c 
08 0b 27 1d 0e 
08 0b 27 1d 10 0c 
08 0b 27 1d 10 
08 0b 27 1d 11 
08 0b 27 1d 18 
08 0b 27 1d 19 04 
08 0b 27 1d 1a 
08 0b 27 1d 20 
08 0b 27 1d 22 
08 0b 27 1d 23 
08 0b 27 24 02 14 
08 0b 27 24 0a 1c 
08 0b 27 24 0b 02 
08 0b 27 24 0e 02 
08 0b 27 24 11 02 
08 0b 27 24 17 0d 
08 0b 27 24 18 02 
08 0b 27 24 19 04 
08 0b 27 24 20 02 
08 0b 27 24 23 02 
08 0b 27 24 24 02 
08 0b 27 24 
08 0b 27 25 10 02 
08 0b 27 25 11 02 
08 0b 27 25 19 04 
08 0b 27 25 20 02 
08 0d 00 02 04 
08 0d 00 02 0b 
08 0d 00 02 0c 
08 0d 00 02 0f 
08 0d 00 02 16 
08 0d 00 02 
08 0d 00 09 02 04 
08 0d 00 09 0a 03 
08 0d 00 09 0c 03 
08 0d 00 09 0e 03 
08 0d 00 09 16 04 
08 0d 00 09 18 04 
08 0d 00 09 20 04 
08 0d 00 09 
08 0d 00 0b 08 03 
08 0d 00 0b 0b 
08 0d 00 0b 0c 02 
08 0d 00 0b 0c 
08 0d 00 0b 17 
08 0d 00 0b 18 02 
08 0d 00 0b 27 14 
08 0d 00 13 02 0b 
08 0d 00 13 0a 02 
08 0d 00 13 0b 02 
08 0d 00 13 16 
08 0d 00 13 17 
08 0d 00 13 18 02 
08 0d 00 13 19 10 
08 0d 00 13 
08 0d 00 14 04 
08 0d 00 14 08 
08 0d 00 14 0a 
08 0d 00 14 0c 
08 0d 00 14 16 
08 0d 00 14 18 
08 0d 00 14 19 
08 0d 00 16 02 0b 
08 0d 00 16 03 0b 
08 0d 00 16 04 
08 0d 00 16 0b 
08 0d 00 16 10 
08 0d 00 16 16 
08 0d 00 16 17 0b 
08 0d 00 16 18 12 
08 0d 00 16 19 0b 
08 0d 00 16 20 0b 
08 0d 00 16 27 1c 
08 0d 00 16 
08 0d 00 1b 02 02 
08 0d 00 1b 08 03 
08 0d 00 1b 0a 02 
08 0d 00 1b 0c 03 
08 0d 00 1b 16 02 
08 0d 00 1b 18 02 
08 0d 00 1b 
08 0d 00 1c 0a 02 
08 0d 00 1c 0c 02 
08 0d 00 1c 19 02 
08 0d 00 1c 19 
08 0d 00 1c 1f 02 
08 0d 00 1c 20 02 
08 0d 00 1c 
08 0d 00 1d 02 02 
08 0d 00 1d 03 
08 0d 00 1d 08 03 
08 0d 00 1d 08 
08 0d 00 1d 0c 02 
08 0d 00 1d 0c 
08 0d 00 1d 10 0b 
08 0d 00 1d 18 02 
08 0d 00 1d 19 
08 0d 00 24 02 
08 0d 00 24 04 
08 0d 00 24 08 
08 0d 00 24 0a 
08 0d 00 24 0b 
08 0d 00 24 0c 02 
08 0d 00 24 0c 
08 0d 00 24 10 
08 0d 00 24 11 
08 0d 00 24 16 
08 0d 00 24 17 
08 0d 00 24 18 02 
08 0d 00 24 18 
08 0d 00 24 27 
08 0d 00 25 0c 02 
08 0d 00 25 16 02 
08 0d 00 25 18 02 
08 0d 00 25 27 14 
08 0d 00 25 
08 0d 01 02 05 
08 0d 01 02 06 
08 0d 01 02 07 
08 0d 01 02 0d 03 
08 0d 01 02 10 06 
08 0d 01 02 11 03 
08 0d 01 02 16 03 
08 0d 01 02 19 03 
08 0d 01 02 1f 0b 
08 0d 01 02 27 0b 
08 0d 01 09 00 04 
08 0d 01 09 04 0b 
08 0d 01 09 06 04 
08 0d 01 09 07 04 
08 0d 01 09 0a 03 
08 0d 01 09 0c 03 
08 0d 01 09 0e 03 
08 0d 01 09 10 04 
08 0d 01 09 11 0b 
08 0d 01 09 16 0b 
08 0d 01 09 20 04 
08 0d 01 09 
08 0d 01 0b 0a 02 
08 0d 01 0b 0b 
08 0d 01 0b 0c 
08 0d 01 0b 0d 02 
08 0d 01 0b 10 02 
08 0d 01 0b 16 02 
08 0d 01 0b 1f 02 
08 0d 01 0b 27 02 
08 0d 01 0c 00 02 
08 0d 01 0c 06 02 
08 0d 01 0c 07 02 
08 0d 01 0c 0a 02 
08 0d 01 0c 0b 02 
08 0d 01 0c 0c 02 
08 0d 01 0c 0d 04 
08 0d 01 0c 0e 02 
08 0d 01 0c 10 02 
08 0d 01 0c 11 09 
08 0d 01 0c 1f 08 
08 0d 01 0c 20 02 
08 0d 01 0c 
08 0d 01 13 00 02 
08 0d 01 13 04 
08 0d 01 13 06 02 
08 0d 01 13 0a 02 
08 0d 01 13 0b 02 
08 0d 01 13 0d 02 
08 0d 01 13 11 0b 
08 0d 01 13 16 0b 
08 0d 01 13 17 02 
08 0d 01 13 18 0b 
08 0d 01 13 19 14 
08 0d 01 13 1f 0b 
08 0d 01 13 27 0b 
08 0d 01 14 04 
08 0d 01 14 05 
08 0d 01 14 06 
08 0d 01 14 17 
08 0d 01 14 18 
08 0d 01 14 19 02 
08 0d 01 14 27 02 
08 0d 01 16 00 0b 
08 0d 01 16 04 0b 
08 0d 01 16 05 
08 0d 01 16 06 0b 
08 0d 01 16 06 
08 0d 01 16 07 
08 0d 01 16 11 0b 
08 0d 01 16 16 0b 
08 0d 01 16 18 0c 
08 0d 01 16 19 0b 
08 0d 01 16 27 0b 
08 0d 01 1b 06 02 
08 0d 01 1b 07 02 
08 0d 01 1b 08 
08 0d 01 1b 0a 02 
08 0d 01 1b 0c 
08 0d 01 1b 0d 02 
08 0d 01 1b 10 02 
08 0d 01 1b 17 02 
08 0d 01 1b 19 0b 
08 0d 01 1b 20 02 
08 0d 01 1b 
08 0d 01 1c 04 
08 0d 01 1c 06 02 
08 0d 01 1c 07 
08 0d 01 1c 0d 02 
08 0d 01 1c 10 02 
08 0d 01 1c 16 0c 
08 0d 01 1d 04 
08 0d 01 1d 06 
08 0d 01 1d 07 
08 0d 01 1d 08 
08 0d 01 1d 0c 02 
08 0d 01 1d 0c 
08 0d 01 1d 0d 03 
08 0d 01 1d 11 02 
08 0d 01 1d 16 02 
08 0d 01 1d 19 
08 0d 01 1d 20 02 
08 0d 01 1d 20 
08 0d 01 1d 27 14 
08 0d 01 1d 
08 0d 01 24 05 
08 0d 01 24 06 02 
08 0d 01 24 0b 
08 0d 01 24 10 02 
08 0d 01 24 11 0b 
08 0d 01 24 19 0b 
08 0d 01 24 20 02 
08 0d 01 24 20 
08 0d 01 24 27 0b 
08 0d 01 25 06 02 
08 0d 01 25 07 02 
08 0d 01 25 10 02 
08 0d 01 25 11 02 
08 0d 01 25 18 02 
08 0d 01 25 20 02 
08 0d 02 02 00 
08 0d 02 02 06 
08 0d 02 02 07 
08 0d 02 02 0b 
08 0d 02 02 0c 
08 0d 02 02 0d 
08 0d 02 02 0f 
08 0d 02 02 10 06 
08 0d 02 02 10 
08 0d 02 02 17 
08 0d 02 02 18 
08 0d 02 02 1f 
08 0d 02 02 20 0b 
08 0d 02 02 
08 0d 02 09 01 04 
08 0d 02 09 0d 03 
08 0d 02 09 0e 03 
08 0d 02 09 10 0d 
08 0d 02 09 17 0b 
08 0d 02 09 18 04 
08 0d 02 0b 01 02 
08 0d 02 0b 08 
08 0d 02 0b 0b 
08 0d 02 0b 0c 
08 0d 02 0b 0d 02 
08 0d 02 0b 0d 
08 0d 02 0b 18 
08 0d 02 0c 01 02 
08 0d 02 0c 07 02 
08 0d 02 0c 0a 02 
08 0d 02 0c 0d 02 
08 0d 02 0c 0e 02 
08 0d 02 0c 10 08 
08 0d 02 0c 17 13 
08 0d 02 0c 18 02 
08 0d 02 0c 1f 08 
08 0d 02 13 01 02 
08 0d 02 13 09 
08 0d 02 13 0a 02 
08 0d 02 13 0c 
08 0d 02 13 17 02 
08 0d 02 13 18 02 
08 0d 02 13 1f 0b 
08 0d 02 13 20 1c 
08 0d 02 13 
08 0d 02 14 00 
08 0d 02 14 06 
08 0d 02 14 07 02 
08 0d 02 14 07 
08 0d 02 14 08 
08 0d 02 14 09 
08 0d 02 14 0c 
08 0d 02 14 0d 
08 0d 02 14 18 
08 0d 02 14 20 02 
08 0d 02 16 00 
08 0d 02 16 01 0b 
08 0d 02 16 06 
08 0d 02 16 07 
08 0d 02 16 09 
08 0d 02 16 0c 
08 0d 02 16 10 
08 0d 02 16 17 
08 0d 02 16 18 
08 0d 02 16 1f 
08 0d 02 16 20 0b 
08 0d 02 16 
08 0d 02 1b 01 12 
08 0d 02 1b 07 02 
08 0d 02 1b 08 
08 0d 02 1b 0c 
08 0d 02 1b 0d 03 
08 0d 02 1b 10 02 
08 0d 02 1b 17 02 
08 0d 02 1b 18 02 
08 0d 02 1b 20 0b 
08 0d 02 1b 
08 0d 02 1c 00 
08 0d 02 1c 01 02 
08 0d 02 1c 0d 02 
08 0d 02 1c 10 02 
08 0d 02 1c 10 
08 0d 02 1c 1f 
08 0d 02 1c 20 02 
08 0d 02 1d 00 
08 0d 02 1d 01 12 
08 0d 02 1d 01 
08 0d 02 1d 08 
08 0d 02 1d 0c 
08 0d 02 1d 0d 02 
08 0d 02 1d 0d 
08 0d 02 1d 11 1b 
08 0d 02 1d 17 0b 
08 0d 02 1d 18 
08 0d 02 1d 19 
08 0d 02 1d 27 0b 
08 0d 02 24 01 02 
08 0d 02 24 01 
08 0d 02 24 06 
08 0d 02 24 07 
08 0d 02 24 08 
08 0d 02 24 0a 
08 0d 02 24 0b 
08 0d 02 24 0c 
08 0d 02 24 0d 02 
08 0d 02 24 0d 
08 0d 02 24 10 
08 0d 02 24 18 
08 0d 02 24 27 
08 0d 02 25 01 02 
08 0d 02 25 07 02 
08 0d 02 25 0d 02 
08 0d 02 25 10 0b 
08 0d 02 25 18 02 
08 0d 02 25 20 0b 
08 0d 08 03 0b 04 
08 0d 08 03 10 00 
08 0d 08 03 19 
08 0d 08 0a 0b 
08 0d 08 0a 0c 
08 0d 08 0a 11 
08 0d 08 0a 18 
08 0d 08 0a 19 
08 0d 08 0a 20 
08 0d 08 0b 02 
08 0d 08 0b 0c 
08 0d 08 0b 11 
08 0d 08 0b 18 
08 0d 08 0b 27 
08 0d 08 13 0b 02 
08 0d 08 13 11 03 
08 0d 08 13 20 0c 
08 0d 08 13 
08 0d 08 14 00 
08 0d 08 14 02 
08 0d 08 14 0a 
08 0d 08 14 0c 
08 0d 08 14 16 
08 0d 08 14 17 
08 0d 08 14 18 
08 0d 08 14 19 
08 0d 08 14 27 
08 0d 08 15 0b 11 
08 0d 08 15 19 
08 0d 08 1b 00 03 
08 0d 08 1b 01 
08 0d 08 1b 02 
08 0d 08 1b 0b 03 
08 0d 08 1b 0b 
08 0d 08 1b 0c 
08 0d 08 1b 16 
08 0d 08 1b 18 
08 0d 08 1b 27 
08 0d 08 1c 19 
08 0d 08 1d 00 
08 0d 08 1d 01 
08 0d 08 1d 02 
08 0d 08 1d 0b 
08 0d 08 1d 0c 
08 0d 08 1d 16 
08 0d 08 1d 17 
08 0d 08 1d 18 
08 0d 08 1d 1f 
08 0d 08 1d 27 
08 0d 08 24 00 
08 0d 08 24 01 
08 0d 08 24 02 
08 0d 08 24 0b 02 
08 0d 08 24 0b 
08 0d 08 24 0c 
08 0d 08 24 10 
08 0d 08 24 11 
08 0d 08 24 16 
08 0d 08 24 18 
08 0d 08 24 27 
08 0d 08 25 19 
08 0d 0a 02 0d 
08 0d 0a 02 0e 
08 0d 0a 02 20 03 
08 0d 0a 02 27 0b 
08 0d 0a 03 00 00 
08 0d 0a 03 02 00 
08 0d 0a 03 0c 04 
08 0d 0a 03 11 00 
08 0d 0a 03 16 00 
08 0d 0a 03 17 00 
08 0d 0a 03 17 
08 0d 0a 03 18 00 
08 0d 0a 09 00 03 
08 0d 0a 09 01 03 
08 0d 0a 09 0e 03 
08 0d 0a 09 16 03 
08 0d 0a 09 18 03 
08 0d 0a 09 20 0b 
08 0d 0a 09 
08 0d 0a 0a 00 02 
08 0d 0a 0a 01 02 
08 0d 0a 0a 02 0b 
08 0d 0a 0a 0c 02 
08 0d 0a 0a 11 02 
08 0d 0a 0a 17 0b 
08 0d 0a 0a 19 02 
08 0d 0a 0a 20 0d 
08 0d 0a 0a 
08 0d 0a 0b 01 02 
08 0d 0a 0b 0c 
08 0d 0a 0b 17 
08 0d 0a 0b 27 02 
08 0d 0a 0c 01 02 
08 0d 0a 0c 27 02 
08 0d 0a 13 00 02 
08 0d 0a 13 02 02 
08 0d 0a 13 10 02 
08 0d 0a 13 11 02 
08 0d 0a 13 16 02 
08 0d 0a 13 17 02 
08 0d 0a 13 18 02 
08 0d 0a 13 27 0b 
08 0d 0a 13 
08 0d 0a 14 00 
08 0d 0a 14 0c 
08 0d 0a 14 0d 
08 0d 0a 14 0e 
08 0d 0a 14 18 
08 0d 0a 15 02 09 
08 0d 0a 15 0d 02 
08 0d 0a 15 18 02 
08 0d 0a 15 19 02 
08 0d 0a 16 0d 
08 0d 0a 16 0e 
08 0d 0a 16 27 0b 
08 0d 0a 1c 00 02 
08 0d 0a 1c 0c 
08 0d 0a 1c 0f 02 
08 0d 0a 1c 0f 
08 0d 0a 1c 1f 0c 
08 0d 0a 1c 20 0c 
08 0d 0a 1d 00 
08 0d 0a 1d 0d 
08 0d 0a 1d 10 19 
08 0d 0a 1d 17 19 
08 0d 0a 1d 18 02 
08 0d 0a 1d 19 02 
08 0d 0a 1d 19 
08 0d 0a 25 00 02 
08 0d 0a 25 16 02 
08 0d 0a 25 17 02 
08 0d 0a 25 19 02 
08 0d 0a 25 20 02 
08 0d 0b 02 00 
08 0d 0b 02 02 
08 0d 0b 02 0e 
08 0d 0b 02 0f 
08 0d 0b 02 10 
08 0d 0b 02 16 
08 0d 0b 02 18 
08 0d 0b 02 1f 03 
08 0d 0b 02 20 08 
08 0d 0b 03 00 00 
08 0d 0b 03 08 00 
08 0d 0b 03 0e 01 
08 0d 0b 03 17 01 
08 0d 0b 03 27 01 
08 0d 0b 09 00 0b 
08 0d 0b 09 08 03 
08 0d 0b 09 11 
08 0d 0b 09 1f 04 
08 0d 0b 0a 00 0c 
08 0d 0b 0a 00 
08 0d 0b 0a 01 02 
08 0d 0b 0a 01 
08 0d 0b 0a 02 
08 0d 0b 0a 0c 
08 0d 0b 0a 0d 
08 0d 0b 0a 0f 
08 0d 0b 0a 10 02 
08 0d 0b 0a 11 
08 0d 0b 0a 16 
08 0d 0b 0a 19 02 
08 0d 0b 0a 19 
08 0d 0b 0a 1f 0c 
08 0d 0b 0a 20 
08 0d 0b 0a 27 02 
08 0d 0b 0b 00 02 
08 0d 0b 0b 01 
08 0d 0b 0b 02 
08 0d 0b 0b 0d 
08 0d 0b 0b 10 02 
08 0d 0b 0b 11 
08 0d 0b 0b 16 
08 0d 0b 0b 18 
08 0d 0b 0b 27 
08 0d 0b 0c 02 
08 0d 0b 0c 0d 
08 0d 0b 0c 10 
08 0d 0b 0c 11 
08 0d 0b 0c 16 
08 0d 0b 0c 1f 
08 0d 0b 0c 20 
08 0d 0b 13 00 02 
08 0d 0b 13 08 02 
08 0d 0b 13 0e 02 
08 0d 0b 13 17 02 
08 0d 0b 13 18 02 
08 0d 0b 13 27 02 
08 0d 0b 14 0c 
08 0d 0b 14 0f 
08 0d 0b 15 08 0b 
08 0d 0b 15 17 
08 0d 0b 15 18 02 
08 0d 0b 15 20 09 
08 0d 0b 16 00 
08 0d 0b 16 0f 
08 0d 0b 16 10 
08 0d 0b 16 19 0a 
08 0d 0b 16 27 
08 0d 0b 1b 0d 
08 0d 0b 1b 10 02 
08 0d 0b 1b 19 09 
08 0d 0b 1b 1f 
08 0d 0b 1b 20 09 
08 0d 0b 1c 0c 
08 0d 0b 1d 0d 
08 0d 0b 1d 0e 
08 0d 0b 24 0c 
08 0d 0b 24 10 
08 0d 0b 24 19 
08 0d 0b 24 20 
08 0d 0b 25 0e 
08 0d 0c 02 00 
08 0d 0c 02 08 
08 0d 0c 02 0f 
08 0d 0c 02 10 04 
08 0d 0c 02 10 
08 0d 0c 02 11 
08 0d 0c 02 17 
08 0d 0c 02 18 
08 0d 0c 02 1f 
08 0d 0c 02 20 03 
08 0d 0c 03 00 00 
08 0d 0c 03 09 04 
08 0d 0c 03 10 00 
08 0d 0c 03 17 00 
08 0d 0c 03 17 
08 0d 0c 03 18 00 
08 0d 0c 03 19 
08 0d 0c 09 00 03 
08 0d 0c 09 01 03 
08 0d 0c 09 18 03 
08 0d 0c 09 20 03 
08 0d 0c 09 27 03 
08 0d 0c 0a 01 02 
08 0d 0c 0a 08 
08 0d 0c 0a 09 
08 0d 0c 0a 10 02 
08 0d 0c 0a 10 
08 0d 0c 0a 11 
08 0d 0c 0a 18 
08 0d 0c 0a 19 02 
08 0d 0c 0a 19 
08 0d 0c 0a 1f 02 
08 0d 0c 0a 1f 
08 0d 0c 0a 20 02 
08 0d 0c 0a 27 02 
08 0d 0c 0b 01 
08 0d 0c 0b 08 
08 0d 0c 0b 11 
08 0d 0c 0b 18 
08 0d 0c 0b 27 
08 0d 0c 0c 01 
08 0d 0c 0c 11 
08 0d 0c 13 09 02 
08 0d 0c 13 17 02 
08 0d 0c 13 18 02 
08 0d 0c 13 
08 0d 0c 14 00 
08 0d 0c 14 08 
08 0d 0c 14 0f 
08 0d 0c 14 18 
08 0d 0c 14 19 
08 0d 0c 14 27 
08 0d 0c 15 09 11 
08 0d 0c 15 0f 02 
08 0d 0c 15 17 
08 0d 0c 15 18 02 
08 0d 0c 16 08 
08 0d 0c 16 0f 
08 0d 0c 16 10 
08 0d 0c 16 17 
08 0d 0c 16 18 
08 0d 0c 16 1f 
08 0d 0c 1b 00 03 
08 0d 0c 1b 01 
08 0d 0c 1b 08 
08 0d 0c 1b 09 03 
08 0d 0c 1b 09 
08 0d 0c 1b 10 02 
08 0d 0c 1b 18 
08 0d 0c 1b 1f 02 
08 0d 0c 1b 1f 
08 0d 0c 1b 20 02 
08 0d 0c 1b 27 
08 0d 0c 1c 00 02 
08 0d 0c 1c 10 02 
08 0d 0c 1c 19 
08 0d 0c 1d 00 
08 0d 0c 1d 01 02 
08 0d 0c 1d 01 
08 0d 0c 1d 08 
08 0d 0c 1d 09 
08 0d 0c 1d 0f 
08 0d 0c 1d 17 
08 0d 0c 1d 18 
08 0d 0c 1d 1f 
08 0d 0c 1d 27 
08 0d 0c 24 00 02 
08 0d 0c 24 00 
08 0d 0c 24 01 
08 0d 0c 24 08 
08 0d 0c 24 09 02 
08 0d 0c 24 09 
08 0d 0c 24 0f 
08 0d 0c 24 10 
08 0d 0c 24 11 
08 0d 0c 24 18 
08 0d 0c 24 27 
08 0d 0c 25 00 02 
08 0d 0c 25 10 02 
08 0d 0c 
08 0d 0d 02 00 0a 
08 0d 0d 02 01 03 
08 0d 0d 02 02 
08 0d 0d 02 09 
08 0d 0d 02 0a 03 
08 0d 0d 02 0c 
08 0d 0d 02 10 04 
08 0d 0d 02 18 
08 0d 0d 02 19 03 
08 0d 0d 02 20 0b 
08 0d 0d 02 27 
08 0d 0d 02 
08 0d 0d 03 00 00 
08 0d 0d 03 01 00 
08 0d 0d 03 02 00 
08 0d 0d 03 0a 00 
08 0d 0d 03 10 05 
08 0d 0d 03 16 04 
08 0d 0d 03 17 
08 0d 0d 03 18 00 
08 0d 0d 03 19 00 
08 0d 0d 03 19 
08 0d 0d 03 27 
08 0d 0d 09 00 03 
08 0d 0d 09 02 03 
08 0d 0d 09 08 03 
08 0d 0d 09 0a 0b 
08 0d 0d 09 10 03 
08 0d 0d 09 11 
08 0d 0d 09 16 03 
08 0d 0d 09 18 03 
08 0d 0d 09 19 04 
08 0d 0d 09 
08 0d 0d 0a 00 02 
08 0d 0d 0a 02 02 
08 0d 0d 0a 09 
08 0d 0d 0a 