08 04 01 00 00 
08 04 01 00 04 
08 04 01 00 05 
08 04 01 00 06 
08 04 01 00 07 
08 04 01 00 0a 
08 04 01 00 0b 
08 04 01 00 0c 
08 04 01 00 0d 
08 04 01 00 17 
08 04 01 00 18 
08 04 01 00 20 
08 04 01 01 04 
08 04 01 01 05 
08 04 01 01 06 
08 04 01 01 07 
08 04 01 01 0a 
08 04 01 01 0b 
08 04 01 01 0c 
08 04 01 01 0d 
08 04 01 01 0e 
08 04 01 01 0f 
08 04 01 01 17 
08 04 01 01 18 
08 04 01 01 1f 
08 04 01 01 20 
08 04 01 02 00 
08 04 01 02 04 
08 04 01 02 05 
08 04 01 02 06 
08 04 01 02 07 
08 04 01 02 0a 
08 04 01 02 0b 
08 04 01 02 0c 
08 04 01 02 0d 
08 04 01 02 0e 
08 04 01 02 0f 
08 04 01 02 10 
08 04 01 02 11 
08 04 01 02 16 
08 04 01 02 18 
08 04 01 02 27 
08 04 01 02 
08 04 01 03 00 
08 04 01 03 04 
08 04 01 03 05 
08 04 01 03 06 
08 04 01 03 07 
08 04 01 03 0a 
08 04 01 03 0b 
08 04 01 03 0c 
08 04 01 03 0e 
08 04 01 03 0f 
08 04 01 03 10 
08 04 01 03 17 
08 04 01 03 18 
08 04 01 04 00 
08 04 01 04 04 
08 04 01 04 05 
08 04 01 04 06 
08 04 01 04 07 
08 04 01 04 0a 
08 04 01 04 0b 
08 04 01 04 0c 
08 04 01 04 0d 
08 04 01 04 0e 
08 04 01 04 0f 
08 04 01 04 18 
08 04 01 04 20 
08 04 01 0b 00 
08 04 01 0b 11 
08 04 01 0b 16 
08 04 01 0b 18 
08 04 01 0b 19 
08 04 01 0b 1f 
08 04 01 0b 20 
08 04 01 0b 
08 04 01 0d 05 
08 04 01 0d 06 
08 04 01 0d 07 
08 04 01 0d 08 
08 04 01 0d 0d 
08 04 01 0d 10 
08 04 01 0d 11 
08 04 01 0d 16 
08 04 01 0d 18 
08 04 01 0d 19 
08 04 01 0d 1f 
08 04 01 0d 27 
08 04 01 0d 
08 04 01 0e 00 
08 04 01 0e 04 
08 04 01 0e 05 
08 04 01 0e 06 
08 04 01 0e 07 
08 04 01 0e 08 
08 04 01 0e 0a 
08 04 01 0e 0b 
08 04 01 0e 0d 
08 04 01 0e 10 
08 04 01 0e 16 
08 04 01 0e 17 
08 04 01 0e 18 
08 04 01 0e 1f 
08 04 01 0e 20 
08 04 01 13 00 
08 04 01 13 09 
08 04 01 13 0a 
08 04 01 13 0d 
08 04 01 13 10 
08 04 01 13 11 
08 04 01 13 16 
08 04 01 13 1f 
08 04 01 13 27 
08 04 01 1d 1f 
08 04 01 1d 
08 04 01 25 00 
08 04 01 25 04 
08 04 01 25 05 
08 04 01 25 06 
08 04 01 25 07 
08 04 01 25 0d 
08 04 01 25 10 
08 04 01 25 16 
08 04 01 25 18 
08 04 01 25 19 
08 04 01 25 27 
08 04 02 00 00 
08 04 02 00 01 
08 04 02 00 06 
08 04 02 00 07 
08 04 02 00 0a 
08 04 02 00 0b 
08 04 02 00 0c 
08 04 02 00 0d 
08 04 02 00 0e 
08 04 02 00 10 
08 04 02 00 17 
08 04 02 00 18 
08 04 02 00 1f 
08 04 02 01 00 
08 04 02 01 01 
08 04 02 01 06 
08 04 02 01 07 
08 04 02 01 0a 
08 04 02 01 0b 
08 04 02 01 0d 
08 04 02 01 0e 
08 04 02 01 0f 
08 04 02 01 10 
08 04 02 01 17 
08 04 02 01 18 
08 04 02 01 1f 
08 04 02 02 06 
08 04 02 02 07 
08 04 02 02 0a 
08 04 02 02 0e 
08 04 02 02 10 
08 04 02 02 11 
08 04 02 02 27 
08 04 02 02 
08 04 02 04 00 
08 04 02 04 01 
08 04 02 04 07 
08 04 02 04 0a 
08 04 02 04 0b 
08 04 02 04 0c 
08 04 02 04 0d 
08 04 02 04 0e 
08 04 02 04 0f 
08 04 02 04 10 
08 04 02 04 17 
08 04 02 04 18 
08 04 02 04 1f 
08 04 02 0b 08 
08 04 02 0b 0a 
08 04 02 0b 18 
08 04 02 0b 27 
08 04 02 0d 00 
08 04 02 0d 01 
08 04 02 0d 06 
08 04 02 0d 08 
08 04 02 0d 0a 
08 04 02 0d 0d 
08 04 02 0d 10 
08 04 02 0d 11 
08 04 02 0d 18 
08 04 02 0d 19 
08 04 02 0d 20 
08 04 02 0d 27 
08 04 02 0d 
08 04 02 0e 00 
08 04 02 0e 01 
08 04 02 0e 06 
08 04 02 0e 08 
08 04 02 0e 0a 
08 04 02 0e 0c 
08 04 02 0e 0d 
08 04 02 0e 0e 
08 04 02 0e 10 
08 04 02 0e 17 
08 04 02 0e 18 
08 04 02 0e 27 
08 04 02 13 00 
08 04 02 13 0a 
08 04 02 13 10 
08 04 02 13 27 
08 04 02 14 00 
08 04 02 14 19 
08 04 02 14 
08 04 02 1b 00 
08 04 02 1b 10 
08 04 02 1b 
08 04 02 1c 00 
08 04 02 1c 0a 
08 04 02 1c 0e 
08 04 02 1c 10 
08 04 02 1c 17 
08 04 02 1c 19 
08 04 02 1c 1f 
08 04 02 1c 20 
08 04 02 1c 
08 04 02 1d 00 
08 04 02 1d 20 
08 04 02 24 10 
08 04 02 24 11 
08 04 02 24 
08 04 02 25 00 
08 04 02 25 06 
08 04 02 25 0a 
08 04 02 25 10 
08 04 02 25 11 
08 04 02 25 17 
08 04 02 25 18 
08 04 02 25 19 
08 04 02 25 1f 
08 04 02 25 20 
08 04 02 25 27 
08 04 02 25 
08 04 02 
08 04 0a 00 01 
08 04 0a 00 02 
08 04 0a 00 0c 
08 04 0a 00 0d 
08 04 0a 00 0e 
08 04 0a 00 11 
08 04 0a 00 16 
08 04 0a 00 18 
08 04 0a 00 19 
08 04 0a 00 20 
08 04 0a 01 02 
08 04 0a 01 16 
08 04 0a 01 1f 
08 04 0a 01 
08 04 0a 02 00 
08 04 0a 02 01 
08 04 0a 02 02 
08 04 0a 02 0d 
08 04 0a 02 0e 
08 04 0a 02 10 
08 04 0a 02 11 
08 04 0a 02 16 
08 04 0a 02 18 
08 04 0a 02 27 
08 04 0a 02 
08 04 0a 03 00 
08 04 0a 03 01 
08 04 0a 03 0c 
08 04 0a 03 0d 
08 04 0a 03 0e 
08 04 0a 03 11 
08 04 0a 03 18 
08 04 0a 03 19 
08 04 0a 03 20 
08 04 0a 0b 02 
08 04 0a 0b 0c 
08 04 0a 0b 16 
08 04 0a 0b 18 
08 04 0a 0b 20 
08 04 0a 0b 
08 04 0a 0c 0c 
08 04 0a 0c 0d 
08 04 0a 0c 0e 
08 04 0a 0c 19 
08 04 0a 0c 1f 
08 04 0a 0c 27 
08 04 0a 0c 
08 04 0a 0d 02 
08 04 0a 0d 0e 
08 04 0a 0d 10 
08 04 0a 0d 11 
08 04 0a 0d 16 
08 04 0a 0d 18 
08 04 0a 0d 19 
08 04 0a 0d 20 
08 04 0a 0d 27 
08 04 0a 0d 
08 04 0a 0e 01 
08 04 0a 0e 02 
08 04 0a 0e 0c 
08 04 0a 0e 0d 
08 04 0a 0e 0e 
08 04 0a 0e 10 
08 04 0a 0e 11 
08 04 0a 0e 16 
08 04 0a 0e 17 
08 04 0a 0e 18 
08 04 0a 0e 19 
08 04 0a 0e 1f 
08 04 0a 0e 20 
08 04 0a 0e 27 
08 04 0a 0e 
08 04 0a 13 02 
08 04 0a 13 10 
08 04 0a 13 16 
08 04 0a 13 18 
08 04 0a 13 19 
08 04 0a 13 1f 
08 04 0a 13 27 
08 04 0a 13 
08 04 0a 15 02 
08 04 0a 15 0d 
08 04 0a 15 10 
08 04 0a 15 16 
08 04 0a 15 18 
08 04 0a 15 19 
08 04 0a 15 27 
08 04 0a 15 
08 04 0a 1c 02 
08 04 0a 1c 0d 
08 04 0a 1c 0f 
08 04 0a 1c 16 
08 04 0a 1c 1f 
08 04 0a 1c 
08 04 0a 25 02 
08 04 0a 25 16 
08 04 0a 25 17 
08 04 0a 25 19 
08 04 0a 25 1f 
08 04 0a 25 20 
08 04 0a 25 27 
08 04 0b 00 00 
08 04 0b 00 01 
08 04 0b 00 02 
08 04 0b 00 08 
08 04 0b 00 0c 
08 04 0b 00 0d 
08 04 0b 00 0e 
08 04 0b 00 0f 
08 04 0b 00 10 
08 04 0b 00 16 
08 04 0b 00 18 
08 04 0b 00 19 
08 04 0b 00 1f 
08 04 0b 00 20 
08 04 0b 00 27 
08 04 0b 00 
08 04 0b 01 01 
08 04 0b 01 02 
08 04 0b 01 08 
08 04 0b 01 0e 
08 04 0b 01 0f 
08 04 0b 01 10 
08 04 0b 01 16 
08 04 0b 01 18 
08 04 0b 01 1f 
08 04 0b 01 27 
08 04 0b 01 
08 04 0b 02 00 
08 04 0b 02 01 
08 04 0b 02 08 
08 04 0b 02 18 
08 04 0b 02 27 
08 04 0b 02 
08 04 0b 03 00 
08 04 0b 03 01 
08 04 0b 03 08 
08 04 0b 03 0c 
08 04 0b 03 0f 
08 04 0b 03 18 
08 04 0b 03 27 
08 04 0b 03 
08 04 0b 0b 18 
08 04 0b 0b 
08 04 0b 0c 0c 
08 04 0b 0c 0d 
08 04 0b 0c 10 
08 04 0b 0c 11 
08 04 0b 0c 18 
08 04 0b 0c 19 
08 04 0b 0c 27 
08 04 0b 0c 
08 04 0b 0d 08 
08 04 0b 0d 19 
08 04 0b 0d 20 
08 04 0b 0d 
08 04 0b 0e 01 
08 04 0b 0e 08 
08 04 0b 0e 0c 
08 04 0b 0e 0e 
08 04 0b 0e 0f 
08 04 0b 0e 27 
08 04 0b 0e 
08 04 0c 00 00 
08 04 0c 00 01 
08 04 0c 00 08 
08 04 0c 00 09 
08 04 0c 00 0f 
08 04 0c 00 10 
08 04 0c 00 11 
08 04 0c 00 17 
08 04 0c 00 18 
08 04 0c 00 19 
08 04 0c 00 1f 
08 04 0c 00 20 
08 04 0c 00 27 
08 04 0c 00 
08 04 0c 01 00 
08 04 0c 01 01 
08 04 0c 01 08 
08 04 0c 01 09 
08 04 0c 01 0f 
08 04 0c 01 10 
08 04 0c 01 11 
08 04 0c 01 17 
08 04 0c 01 18 
08 04 0c 01 19 
08 04 0c 01 1f 
08 04 0c 01 20 
08 04 0c 01 27 
08 04 0c 01 
08 04 0c 02 01 
08 04 0c 02 08 
08 04 0c 02 0f 
08 04 0c 02 10 
08 04 0c 02 
08 04 0c 0c 09 
08 04 0c 0c 10 
08 04 0c 0c 20 
08 04 0c 0c 
08 04 0c 0d 18 
08 04 0c 0d 20 
08 04 0c 0d 
08 04 0c 0e 08 
08 04 0c 0e 09 
08 04 0c 0e 10 
08 04 0c 0e 17 
08 04 0c 0e 18 
08 04 0c 0e 19 
08 04 0c 0e 20 
08 04 0c 0e 27 
08 04 0c 0e 
08 04 0c 15 20 
08 04 0c 15 27 
08 04 0c 15 
08 04 0c 1c 10 
08 04 0c 1c 20 
08 04 0c 1c 
08 04 0c 25 08 
08 04 0c 25 10 
08 04 0c 25 
08 04 0d 00 01 
08 04 0d 00 0a 
08 04 0d 00 11 
08 04 0d 00 20 
08 04 0d 00 
08 04 0d 01 00 
08 04 0d 01 01 
08 04 0d 01 02 
08 04 0d 01 08 
08 04 0d 01 09 
08 04 0d 01 0a 
08 04 0d 01 0c 
08 04 0d 01 11 
08 04 0d 01 16 
08 04 0d 01 18 
08 04 0d 01 27 
08 04 0d 02 01 
08 04 0d 02 09 
08 04 0d 02 0a 
08 04 0d 02 0c 
08 04 0d 02 10 
08 04 0d 02 16 
08 04 0d 02 
08 04 0d 03 08 
08 04 0d 03 09 
08 04 0d 03 0a 
08 04 0d 03 0c 
08 04 0d 03 18 
08 04 0d 03 1f 
08 04 0d 0b 0a 
08 04 0d 0b 19 
08 04 0d 0b 
08 04 0d 0c 01 
08 04 0d 0c 09 
08 04 0d 0c 0a 
08 04 0d 0c 0b 
08 04 0d 0c 10 
08 04 0d 0c 11 
08 04 0d 0c 18 
08 04 0d 0c 20 
08 04 0d 0d 01 
08 04 0d 0d 02 
08 04 0d 0d 09 
08 04 0d 0d 0a 
08 04 0d 0d 16 
08 04 0d 0d 18 
08 04 0d 0d 20 
08 04 0d 0d 27 
08 04 0d 0e 01 
08 04 0d 0e 02 
08 04 0d 0e 08 
08 04 0d 0e 09 
08 04 0d 0e 0a 
08 04 0d 0e 0c 
08 04 0d 0e 10 
08 04 0d 0e 16 
08 04 0d 0e 17 
08 04 0d 0e 18 
08 04 0d 0e 19 
08 04 0d 0e 20 
08 04 0d 0e 27 
08 04 0d 0e 
08 04 0d 13 19 
08 04 0d 13 
08 04 0d 15 01 
08 04 0d 15 0a 
08 04 0d 15 18 
08 04 0d 15 19 
08 04 0d 15 
08 04 0d 1c 10 
08 04 0d 1c 
08 04 0d 1d 1f 
08 04 0d 1d 
08 04 0d 25 01 
08 04 0d 25 09 
08 04 0d 25 10 
08 04 0d 25 16 
08 04 0d 25 19 
08 04 0d 25 27 
08 04 0d 25 
08 04 0e 00 01 
08 04 0e 00 02 
08 04 0e 00 08 
08 04 0e 00 0a 
08 04 0e 00 0b 
08 04 0e 00 18 
08 04 0e 00 1f 
08 04 0e 00 20 
08 04 0e 00 27 
08 04 0e 01 00 
08 04 0e 01 01 
08 04 0e 01 02 
08 04 0e 01 08 
08 04 0e 01 0a 
08 04 0e 01 0c 
08 04 0e 01 10 
08 04 0e 01 11 
08 04 0e 01 16 
08 04 0e 01 18 
08 04 0e 01 1f 
08 04 0e 01 20 
08 04 0e 01 27 
08 04 0e 02 00 
08 04 0e 02 01 
08 04 0e 02 02 
08 04 0e 02 0a 
08 04 0e 02 0c 
08 04 0e 02 10 
08 04 0e 02 16 
08 04 0e 02 18 
08 04 0e 02 27 
08 04 0e 02 
08 04 0e 03 00 
08 04 0e 03 01 
08 04 0e 03 08 
08 04 0e 03 0a 
08 04 0e 03 0b 
08 04 0e 03 0c 
08 04 0e 03 10 
08 04 0e 03 18 
08 04 0e 03 19 
08 04 0e 03 20 
08 04 0e 03 27 
08 04 0e 03 
08 04 0e 0b 18 
08 04 0e 0b 20 
08 04 0e 0b 
08 04 0e 0c 09 
08 04 0e 0c 0b 
08 04 0e 0c 10 
08 04 0e 0c 18 
08 04 0e 0c 19 
08 04 0e 0c 20 
08 04 0e 0c 27 
08 04 0e 0c 
08 04 0e 0e 02 
08 04 0e 0e 09 
08 04 0e 0e 0a 
08 04 0e 0e 0b 
08 04 0e 0e 0c 
08 04 0e 0e 10 
08 04 0e 0e 11 
08 04 0e 0e 16 
08 04 0e 0e 17 
08 04 0e 0e 18 
08 04 0e 0e 20 
08 04 0e 0e 27 
08 04 0e 13 0a 
08 04 0e 13 
08 04 0e 15 02 
08 04 0e 15 10 
08 04 0e 15 16 
08 04 0e 15 18 
08 04 0e 15 19 
08 04 0e 15 20 
08 04 0e 15 27 
08 04 0e 15 
08 04 0e 1c 02 
08 04 0e 1c 10 
08 04 0e 1c 1f 
08 04 0e 1c 20 
08 04 0e 1c 
08 04 0e 1d 16 
08 04 0e 24 10 
08 04 0e 24 
08 04 0e 25 0a 
08 04 0e 25 10 
08 04 0e 25 11 
08 04 0e 25 16 
08 04 0e 25 19 
08 04 0e 25 27 
08 04 0e 25 
08 04 0f 00 01 
08 04 0f 00 11 
08 04 0f 00 19 
08 04 0f 00 20 
08 04 0f 00 27 
08 04 0f 00 
08 04 0f 01 00 
08 04 0f 01 01 
08 04 0f 01 02 
08 04 0f 01 0c 
08 04 0f 01 10 
08 04 0f 01 11 
08 04 0f 01 16 
08 04 0f 01 18 
08 04 0f 01 19 
08 04 0f 01 1f 
08 04 0f 01 20 
08 04 0f 01 27 
08 04 0f 01 
08 04 0f 02 00 
08 04 0f 02 01 
08 04 0f 02 0c 
08 04 0f 02 10 
08 04 0f 02 11 
08 04 0f 02 
08 04 0f 03 00 
08 04 0f 03 01 
08 04 0f 03 0c 
08 04 0f 03 10 
08 04 0f 03 11 
08 04 0f 03 18 
08 04 0f 03 19 
08 04 0f 03 1f 
08 04 0f 03 20 
08 04 0f 03 27 
08 04 0f 03 
08 04 0f 0c 0a 
08 04 0f 0c 11 
08 04 0f 0c 18 
08 04 0f 0c 
08 04 0f 0d 11 
08 04 0f 0d 18 
08 04 0f 0d 20 
08 04 0f 0d 
08 04 0f 13 1f 
08 04 0f 13 
08 04 0f 1c 10 
08 04 0f 1c 
08 04 0f 25 10 
08 04 0f 25 1f 
08 04 0f 25 
08 04 10 00 00 
08 04 10 00 0b 
08 04 10 00 0c 
08 04 10 00 0e 
08 04 10 00 12 
08 04 10 00 13 
08 04 10 00 14 
08 04 10 00 15 
08 04 10 01 00 
08 04 10 01 0b 
08 04 10 01 0c 
08 04 10 01 0e 
08 04 10 01 0f 
08 04 10 01 12 
08 04 10 01 13 
08 04 10 01 14 
08 04 10 01 15 
08 04 10 02 00 
08 04 10 02 01 
08 04 10 02 02 
08 04 10 02 0c 
08 04 10 02 0d 
08 04 10 02 0e 
08 04 10 02 0f 
08 04 10 02 12 
08 04 10 02 14 
08 04 10 02 18 
08 04 10 02 1e 
08 04 10 02 27 
08 04 10 03 00 
08 04 10 03 01 
08 04 10 03 0c 
08 04 10 03 0e 
08 04 10 03 0f 
08 04 10 03 12 
08 04 10 03 14 
08 04 10 03 18 
08 04 10 03 19 
08 04 10 03 1e 
08 04 10 03 1f 
08 04 10 03 27 
08 04 10 0d 01 
08 04 10 0d 02 
08 04 10 0d 12 
08 04 10 0d 13 
08 04 10 0d 14 
08 04 10 0d 18 
08 04 10 0d 1e 
08 04 10 0d 20 
08 04 10 0d 27 
08 04 10 0e 01 
08 04 10 0e 02 
08 04 10 0e 08 
08 04 10 0e 0c 
08 04 10 0e 0d 
08 04 10 0e 0e 
08 04 10 0e 12 
08 04 10 0e 13 
08 04 10 0e 14 
08 04 10 0e 15 
08 04 10 0e 17 
08 04 10 0e 18 
08 04 10 0e 1e 
08 04 10 0e 27 
08 04 10 13 02 
08 04 10 13 0d 
08 04 10 13 12 
08 04 10 13 15 
08 04 10 13 1e 
08 04 10 13 1f 
08 04 10 1b 02 
08 04 10 1b 18 
08 04 10 1b 1e 
08 04 10 1c 02 
08 04 10 1c 0c 
08 04 10 1c 0d 
08 04 10 1c 0e 
08 04 10 1c 0f 
08 04 10 1c 11 
08 04 10 1c 19 
08 04 10 1c 1e 
08 04 10 24 0e 
08 04 10 24 18 
08 04 10 24 1e 
08 04 10 24 
08 04 10 25 01 
08 04 10 25 02 
08 04 10 25 0c 
08 04 10 25 0d 
08 04 10 25 0e 
08 04 10 25 0f 
08 04 10 25 12 
08 04 10 25 14 
08 04 10 25 15 
08 04 10 25 18 
08 04 10 25 19 
08 04 10 25 1e 
08 04 10 25 20 
08 04 10 25 27 
08 04 10 
08 04 11 00 02 
08 04 11 00 0a 
08 04 11 00 0b 
08 04 11 00 0c 
08 04 11 00 0e 
08 04 11 00 10 
08 04 11 00 15 
08 04 11 00 18 
08 04 11 01 00 
08 04 11 01 02 
08 04 11 01 0a 
08 04 11 01 0b 
08 04 11 01 0c 
08 04 11 01 0d 
08 04 11 01 0e 
08 04 11 01 0f 
08 04 11 01 14 
08 04 11 01 15 
08 04 11 01 17 
08 04 11 01 18 
08 04 11 02 00 
08 04 11 02 01 
08 04 11 02 02 
08 04 11 02 0a 
08 04 11 02 0b 
08 04 11 02 0f 
08 04 11 02 10 
08 04 11 02 15 
08 04 11 02 17 
08 04 11 02 1e 
08 04 11 02 27 
08 04 11 02 
08 04 11 03 00 
08 04 11 03 0a 
08 04 11 03 0b 
08 04 11 03 0f 
08 04 11 03 10 
08 04 11 03 14 
08 04 11 03 15 
08 04 11 03 17 
08 04 11 03 18 
08 04 11 03 19 
08 04 11 03 1e 
08 04 11 03 27 
08 04 11 0b 01 
08 04 11 0b 02 
08 04 11 0b 17 
08 04 11 0b 1f 
08 04 11 0d 01 
08 04 11 0d 02 
08 04 11 0d 0a 
08 04 11 0d 0f 
08 04 11 0d 10 
08 04 11 0d 15 
08 04 11 0d 17 
08 04 11 0d 19 
08 04 11 0d 1e 
08 04 11 0d 20 
08 04 11 0d 27 
08 04 11 0e 02 
08 04 11 0e 08 
08 04 11 0e 0a 
08 04 11 0e 0e 
08 04 11 0e 10 
08 04 11 0e 14 
08 04 11 0e 15 
08 04 11 0e 16 
08 04 11 0e 17 
08 04 11 0e 18 
08 04 11 0e 27 
08 04 11 14 01 
08 04 11 14 10 
08 04 11 1c 0b 
08 04 11 1c 14 
08 04 11 1c 17 
08 04 11 25 02 
08 04 11 25 0e 
08 04 11 25 10 
08 04 11 25 14 
08 04 11 25 15 
08 04 11 25 16 
08 04 11 25 17 
08 04 11 25 1e 
08 04 16 00 0a 
08 04 16 00 0b 
08 04 16 00 0c 
08 04 16 00 0d 
08 04 16 00 0e 
08 04 16 00 10 
08 04 16 00 11 
08 04 16 00 12 
08 04 16 00 17 
08 04 16 00 18 
08 04 16 00 1e 
08 04 16 00 1f 
08 04 16 01 00 
08 04 16 01 0a 
08 04 16 01 0b 
08 04 16 01 0d 
08 04 16 01 0e 
08 04 16 01 0f 
08 04 16 01 10 
08 04 16 01 11 
08 04 16 01 12 
08 04 16 01 17 
08 04 16 01 18 
08 04 16 01 1e 
08 04 16 01 1f 
08 04 16 02 00 
08 04 16 02 01 
08 04 16 02 0a 
08 04 16 02 0d 
08 04 16 02 0e 
08 04 16 02 12 
08 04 16 02 17 
08 04 16 02 18 
08 04 16 02 27 
08 04 16 02 
08 04 16 0b 01 
08 04 16 0b 08 
08 04 16 0b 0a 
08 04 16 0b 18 
08 04 16 0b 27 
08 04 16 0d 01 
08 04 16 0d 08 
08 04 16 0d 0a 
08 04 16 0d 0d 
08 04 16 0d 10 
08 04 16 0d 11 
08 04 16 0d 12 
08 04 16 0d 18 
08 04 16 0d 19 
08 04 16 0d 1e 
08 04 16 0d 20 
08 04 16 0d 27 
08 04 16 0d 
08 04 16 0e 01 
08 04 16 0e 08 
08 04 16 0e 0a 
08 04 16 0e 0c 
08 04 16 0e 0d 
08 04 16 0e 0e 
08 04 16 0e 10 
08 04 16 0e 11 
08 04 16 0e 12 
08 04 16 0e 18 
08 04 16 0e 1e 
08 04 16 0e 27 
08 04 16 13 0a 
08 04 16 13 10 
08 04 16 13 19 
08 04 16 13 1f 
08 04 16 13 27 
08 04 16 13 
08 04 16 14 01 
08 04 16 14 0a 
08 04 16 14 0e 
08 04 16 14 10 
08 04 16 14 18 
08 04 16 14 20 
08 04 16 14 27 
08 04 16 1b 10 
08 04 16 1b 1f 
08 04 16 1b 
08 04 16 1c 0a 
08 04 16 1c 10 
08 04 16 1c 19 
08 04 16 1c 1e 
08 04 16 1c 1f 
08 04 16 1c 20 
08 04 16 1c 
08 04 16 1d 0e 
08 04 16 1d 10 
08 04 16 1d 20 
08 04 16 24 18 
08 04 16 24 
08 04 16 25 01 
08 04 16 25 0a 
08 04 16 25 0d 
08 04 16 25 0e 
08 04 16 25 10 
08 04 16 25 12 
08 04 16 25 18 
08 04 16 25 1e 
08 04 16 25 20 
08 04 16 25 27 
08 04 16 
08 04 17 01 01 
08 04 17 01 02 
08 04 17 01 0c 
08 04 17 01 10 
08 04 17 01 11 
08 04 17 01 12 
08 04 17 01 13 
08 04 17 01 14 
08 04 17 01 18 
08 04 17 01 19 
08 04 17 01 1e 
08 04 17 01 1f 
08 04 17 02 10 
08 04 17 02 11 
08 04 17 02 12 
08 04 17 02 13 
08 04 17 02 14 
08 04 17 02 18 
08 04 17 02 
08 04 17 03 01 
08 04 17 03 10 
08 04 17 03 11 
08 04 17 03 12 
08 04 17 03 13 
08 04 17 03 14 
08 04 17 03 18 
08 04 17 03 19 
08 04 17 03 
08 04 17 0b 12 
08 04 17 0b 
08 04 17 0d 02 
08 04 17 0d 10 
08 04 17 0d 11 
08 04 17 0d 12 
08 04 17 0d 13 
08 04 17 0d 18 
08 04 17 0d 19 
08 04 17 0d 20 
08 04 17 0d 27 
08 04 17 0d 
08 04 17 0e 01 
08 04 17 0e 02 
08 04 17 0e 08 
08 04 17 0e 0a 
08 04 17 0e 0c 
08 04 17 0e 0d 
08 04 17 0e 0e 
08 04 17 0e 10 
08 04 17 0e 11 
08 04 17 0e 12 
08 04 17 0e 13 
08 04 17 0e 18 
08 04 17 0e 19 
08 04 17 0e 27 
08 04 17 13 1f 
08 04 17 13 
08 04 17 14 10 
08 04 17 14 13 
08 04 17 14 18 
08 04 17 14 
08 04 17 1b 0a 
08 04 17 1b 
08 04 17 1c 10 
08 04 17 1c 19 
08 04 17 1c 1e 
08 04 17 1c 
08 04 17 24 02 
08 04 17 24 12 
08 04 17 24 18 
08 04 17 24 
08 04 18 00 00 
08 04 18 00 01 
08 04 18 00 02 
08 04 18 00 0a 
08 04 18 00 0b 
08 04 18 00 0c 
08 04 18 00 0d 
08 04 18 00 0e 
08 04 18 00 11 
08 04 18 00 12 
08 04 18 00 16 
08 04 18 00 17 
08 04 18 00 1a 
08 04 18 00 1b 
08 04 18 00 1c 
08 04 18 00 1d 
08 04 18 00 1e 
08 04 18 00 20 
08 04 18 00 26 
08 04 18 00 27 
08 04 18 01 00 
08 04 18 01 01 
08 04 18 01 02 
08 04 18 01 0a 
08 04 18 01 0b 
08 04 18 01 0c 
08 04 18 01 0d 
08 04 18 01 0e 
08 04 18 01 0f 
08 04 18 01 11 
08 04 18 01 12 
08 04 18 01 16 
08 04 18 01 17 
08 04 18 01 1b 
08 04 18 01 1c 
08 04 18 01 1d 
08 04 18 01 1e 
08 04 18 01 20 
08 04 18 01 26 
08 04 18 01 27 
08 04 18 02 01 
08 04 18 02 0a 
08 04 18 02 0b 
08 04 18 02 0e 
08 04 18 02 10 
08 04 18 02 12 
08 04 18 02 16 
08 04 18 02 17 
08 04 18 02 1a 
08 04 18 02 1b 
08 04 18 02 1c 
08 04 18 02 1e 
08 04 18 02 26 
08 04 18 02 
08 04 18 03 00 
08 04 18 03 01 
08 04 18 03 0a 
08 04 18 03 0b 
08 04 18 03 0c 
08 04 18 03 0d 
08 04 18 03 0e 
08 04 18 03 0f 
08 04 18 03 10 
08 04 18 03 11 
08 04 18 03 12 
08 04 18 03 17 
08 04 18 03 1a 
08 04 18 03 1b 
08 04 18 03 1c 
08 04 18 03 1e 
08 04 18 03 20 
08 04 18 03 26 
08 04 18 03 27 
08 04 18 03 
08 04 18 0b 01 
08 04 18 0b 02 
08 04 18 0b 0b 
08 04 18 0b 0e 
08 04 18 0b 16 
08 04 18 0b 1a 
08 04 18 0b 1b 
08 04 18 0d 01 
08 04 18 0d 02 
08 04 18 0d 08 
08 04 18 0d 0a 
08 04 18 0d 0c 
08 04 18 0d 0d 
08 04 18 0d 0f 
08 04 18 0d 10 
08 04 18 0d 12 
08 04 18 0d 16 
08 04 18 0d 17 
08 04 18 0d 1a 
08 04 18 0d 1b 
08 04 18 0d 1c 
08 04 18 0d 1e 
08 04 18 0d 20 
08 04 18 0d 26 
08 04 18 0d 27 
08 04 18 0d 
08 04 18 0e 01 
08 04 18 0e 02 
08 04 18 0e 08 
08 04 18 0e 0a 
08 04 18 0e 0c 
08 04 18 0e 0d 
08 04 18 0e 0e 
08 04 18 0e 10 
08 04 18 0e 11 
08 04 18 0e 12 
08 04 18 0e 16 
08 04 18 0e 17 
08 04 18 0e 1a 
08 04 18 0e 1b 
08 04 18 0e 1c 
08 04 18 0e 1d 
08 04 18 0e 1e 
08 04 18 0e 20 
08 04 18 0e 26 
08 04 18 0e 27 
08 04 18 0e 
08 04 18 1b 27 
08 04 18 1b 
08 04 18 1d 20 
08 04 18 1d 
08 04 18 24 0b 
08 04 18 24 10 
08 04 18 24 11 
08 04 18 24 12 
08 04 18 24 16 
08 04 18 24 17 
08 04 18 24 1d 
08 04 18 24 
08 04 19 00 0a 
08 04 19 00 0b 
08 04 19 00 0c 
08 04 19 00 17 
08 04 19 00 18 
08 04 19 00 1d 
08 04 19 00 1e 
08 04 19 00 1f 
08 04 19 01 0a 
08 04 19 01 0c 
08 04 19 01 0f 
08 04 19 01 12 
08 04 19 01 17 
08 04 19 01 18 
08 04 19 01 1d 
08 04 19 01 1e 
08 04 19 01 1f 
08 04 19 02 01 
08 04 19 02 02 
08 04 19 02 0a 
08 04 19 02 0e 
08 04 19 02 16 
08 04 19 02 17 
08 04 19 02 18 
08 04 19 02 1f 
08 04 19 02 26 
08 04 19 02 
08 04 19 03 00 
08 04 19 03 0a 
08 04 19 03 0c 
08 04 19 03 0e 
08 04 19 03 0f 
08 04 19 03 10 
08 04 19 03 11 
08 04 19 03 12 
08 04 19 03 17 
08 04 19 03 18 
08 04 19 03 1d 
08 04 19 03 1e 
08 04 19 03 1f 
08 04 19 03 26 
08 04 19 0b 01 
08 04 19 0b 0d 
08 04 19 0b 18 
08 04 19 0b 27 
08 04 19 0d 01 
08 04 19 0d 02 
08 04 19 0d 0a 
08 04 19 0d 0b 
08 04 19 0d 11 
08 04 19 0d 16 
08 04 19 0d 17 
08 04 19 0d 18 
08 04 19 0d 1d 
08 04 19 0d 1e 
08 04 19 0d 1f 
08 04 19 0d 26 
08 04 19 0d 27 
08 04 19 0d 
08 04 19 0e 08 
08 04 19 0e 0a 
08 04 19 0e 0c 
08 04 19 0e 0d 
08 04 19 0e 12 
08 04 19 0e 17 
08 04 19 0e 18 
08 04 19 0e 1d 
08 04 19 0e 1e 
08 04 19 0e 1f 
08 04 19 0e 26 
08 04 19 13 0a 
08 04 19 13 0d 
08 04 19 13 16 
08 04 19 14 02 
08 04 19 14 16 
08 04 19 14 
08 04 19 1c 0c 
08 04 19 1c 0d 
08 04 19 1c 0e 
08 04 19 1c 10 
08 04 19 1c 18 
08 04 19 1c 1e 
08 04 19 1c 1f 
08 04 19 24 0e 
08 04 19 24 10 
08 04 19 24 12 
08 04 19 24 1f 
08 04 19 25 01 
08 04 19 25 02 
08 04 19 25 0a 
08 04 19 25 0d 
08 04 19 25 0e 
08 04 19 25 10 
08 04 19 25 12 
08 04 19 25 18 
08 04 19 25 1d 
08 04 19 25 1e 
08 04 19 25 1f 
08 04 19 25 26 
08 04 19 25 27 
08 04 1f 00 00 
08 04 1f 00 02 
08 04 1f 00 11 
08 04 1f 00 12 
08 04 1f 00 19 
08 04 1f 00 20 
08 04 1f 00 26 
08 04 1f 00 27 
08 04 1f 01 00 
08 04 1f 01 01 
08 04 1f 01 02 
08 04 1f 01 0a 
08 04 1f 01 0b 
08 04 1f 01 0c 
08 04 1f 01 0e 
08 04 1f 01 0f 
08 04 1f 01 12 
08 04 1f 01 16 
08 04 1f 01 17 
08 04 1f 01 18 
08 04 1f 01 19 
08 04 1f 01 1b 
08 04 1f 01 1c 
08 04 1f 01 26 
08 04 1f 01 27 
08 04 1f 02 19 
08 04 1f 02 1b 
08 04 1f 03 0c 
08 04 1f 03 0d 
08 04 1f 03 0f 
08 04 1f 03 10 
08 04 1f 03 18 
08 04 1f 03 19 
08 04 1f 03 1b 
08 04 1f 03 1c 
08 04 1f 0b 01 
08 04 1f 0b 11 
08 04 1f 0b 12 
08 04 1f 0b 26 
08 04 1f 0d 01 
08 04 1f 0d 19 
08 04 1f 0d 1a 
08 04 1f 0d 1b 
08 04 1f 0e 01 
08 04 1f 0e 0a 
08 04 1f 0e 12 
08 04 1f 0e 18 
08 04 1f 0e 19 
08 04 1f 0e 1a 
08 04 1f 0e 1b 
08 04 1f 0e 1c 
08 04 1f 0e 26 
08 04 1f 13 0a 
08 04 1f 13 0f 
08 04 1f 13 10 
08 04 1f 13 12 
08 04 1f 13 16 
08 04 1f 13 17 
08 04 1f 1b 16 
08 04 1f 1c 0a 
08 04 1f 1c 0f 
08 04 1f 1c 10 
08 04 1f 1c 16 
08 04 1f 1c 18 
08 04 1f 1c 1b 
08 04 1f 1c 20 
08 04 1f 1c 27 
08 04 1f 24 1c 
08 04 1f 24 
08 04 1f 25 02 
08 04 1f 25 0a 
08 04 1f 25 0f 
08 04 1f 25 12 
08 04 1f 25 17 
08 04 1f 25 18 
08 04 1f 25 19 
08 04 1f 25 1b 
08 04 1f 25 20 
08 04 1f 25 26 
08 04 1f 25 27 
08 04 20 00 00 
08 04 20 00 0c 
08 04 20 00 0e 
08 04 20 00 17 
08 04 20 00 18 
08 04 20 00 1a 
08 04 20 00 24 
08 04 20 00 25 
08 04 20 00 26 
08 04 20 01 02 
08 04 20 01 0c 
08 04 20 01 16 
08 04 20 01 1f 
08 04 20 01 26 
08 04 20 02 00 
08 04 20 02 01 
08 04 20 02 02 
08 04 20 02 0b 
08 04 20 02 0c 
08 04 20 02 0d 
08 04 20 02 0e 
08 04 20 02 0f 
08 04 20 02 10 
08 04 20 02 16 
08 04 20 02 18 
08 04 20 02 1a 
08 04 20 02 24 
08 04 20 02 25 
08 04 20 02 26 
08 04 20 03 00 
08 04 20 03 01 
08 04 20 03 0b 
08 04 20 03 0c 
08 04 20 03 0e 
08 04 20 03 0f 
08 04 20 03 18 
08 04 20 03 19 
08 04 20 03 1a 
08 04 20 03 24 
08 04 20 03 25 
08 04 20 03 26 
08 04 20 0b 01 
08 04 20 0b 08 
08 04 20 0b 0a 
08 04 20 0b 0b 
08 04 20 0b 0c 
08 04 20 0b 0e 
08 04 20 0b 18 
08 04 20 0b 19 
08 04 20 0b 1a 
08 04 20 0b 24 
08 04 20 0d 01 
08 04 20 0d 02 
08 04 20 0d 08 
08 04 20 0d 0a 
08 04 20 0d 0b 
08 04 20 0d 0c 
08 04 20 0d 0d 
08 04 20 0d 0f 
08 04 20 0d 10 
08 04 20 0d 16 
08 04 20 0d 17 
08 04 20 0d 18 
08 04 20 0d 19 
08 04 20 0d 1a 
08 04 20 0d 24 
08 04 20 0d 25 
08 04 20 0d 26 
08 04 20 0e 01 
08 04 20 0e 08 
08 04 20 0e 0a 
08 04 20 0e 0b 
08 04 20 0e 0c 
08 04 20 0e 0d 
08 04 20 0e 0e 
08 04 20 0e 18 
08 04 20 0e 1a 
08 04 20 0e 24 
08 04 20 0e 26 
08 04 20 13 02 
08 04 20 13 09 
08 04 20 13 0a 
08 04 20 13 0c 
08 04 20 13 0d 
08 04 20 13 0e 
08 04 20 13 0f 
08 04 20 13 10 
08 04 20 13 16 
08 04 20 13 1a 
08 04 20 13 25 
08 04 20 13 26 
08 04 20 14 25 
08 04 20 14 
08 04 20 1c 02 
08 04 20 1c 0c 
08 04 20 1c 0e 
08 04 20 1c 16 
08 04 20 1c 1f 
08 04 20 1c 26 
08 04 20 1c 27 
08 04 20 1d 02 
08 04 20 1d 16 
08 04 20 25 0c 
08 04 20 25 0d 
08 04 20 25 0e 
08 04 20 25 0f 
08 04 20 25 16 
08 04 20 25 18 
08 04 20 25 1a 
08 04 20 25 1f 
08 04 20 25 20 
08 04 20 25 24 
08 04 20 25 25 
08 04 20 25 26 
08 04 20 
08 04 27 00 02 
08 04 27 00 0a 
08 04 27 00 0b 
08 04 27 00 0e 
08 04 27 00 10 
08 04 27 00 11 
08 04 27 00 19 
08 04 27 00 1f 
08 04 27 00 20 
08 04 27 00 22 
08 04 27 01 00 
08 04 27 01 0a 
08 04 27 01 0b 
08 04 27 01 0c 
08 04 27 01 0e 
08 04 27 01 0f 
08 04 27 01 18 
08 04 27 01 1a 
08 04 27 01 1f 
08 04 27 01 20 
08 04 27 01 22 
08 04 27 01 23 
08 04 27 01 24 
08 04 27 02 01 
08 04 27 02 02 
08 04 27 02 0a 
08 04 27 02 0b 
08 04 27 02 0e 
08 04 27 02 10 
08 04 27 02 11 
08 04 27 02 16 
08 04 27 02 20 
08 04 27 02 22 
08 04 27 02 23 
08 04 27 02 24 
08 04 27 02 
08 04 27 03 0b 
08 04 27 03 0e 
08 04 27 03 0f 
08 04 27 03 10 
08 04 27 03 11 
08 04 27 03 18 
08 04 27 03 1a 
08 04 27 03 20 
08 04 27 03 22 
08 04 27 03 23 
08 04 27 03 24 
08 04 27 0b 02 
08 04 27 0b 16 
08 04 27 0b 19 
08 04 27 0b 22 
08 04 27 0b 
08 04 27 0d 01 
08 04 27 0d 02 
08 04 27 0d 0a 
08 04 27 0d 10 
08 04 27 0d 11 
08 04 27 0d 16 
08 04 27 0d 17 
08 04 27 0d 18 
08 04 27 0d 19 
08 04 27 0d 22 
08 04 27 0d 23 
08 04 27 0d 24 
08 04 27 0d 
08 04 27 0e 02 
08 04 27 0e 08 
08 04 27 0e 0a 
08 04 27 0e 0b 
08 04 27 0e 0c 
08 04 27 0e 0e 
08 04 27 0e 10 
08 04 27 0e 11 
08 04 27 0e 16 
08 04 27 0e 17 
08 04 27 0e 18 
08 04 27 0e 1a 
08 04 27 0e 20 
08 04 27 0e 22 
08 04 27 0e 23 
08 04 27 0e 24 
08 04 27 13 02 
08 04 27 13 0a 
08 04 27 13 16 
08 04 27 13 
08 04 27 1c 02 
08 04 27 1c 10 
08 04 27 1c 16 
08 04 27 1c 
08 04 27 24 02 
08 04 27 24 10 
08 04 27 24 16 
08 04 27 24 19 
08 04 27 24 24 
08 04 27 24 
08 04 27 25 01 
08 04 27 25 02 
08 04 27 25 0a 
08 04 27 25 0e 
08 04 27 25 10 
08 04 27 25 16 
08 04 27 25 17 
08 04 27 25 19 
08 04 27 25 1f 
08 04 27 25 20 
08 04 27 25 22 
08 04 27 25 23 
08 04 27 25 24 
08 04 27 25 
08 04 
08 0b 00 02 0c 
08 0b 00 02 10 
08 0b 00 02 11 
08 0b 00 02 16 
08 0b 00 02 18 
08 0b 00 02 1f 
08 0b 00 02 20 
08 0b 00 08 01 
08 0b 00 08 03 
08 0b 00 08 08 
08 0b 00 08 0a 
08 0b 00 08 0c 
08 0b 00 08 0d 
08 0b 00 08 16 
08 0b 00 08 17 
08 0b 00 08 18 
08 0b 00 08 20 
08 0b 00 08 27 
08 0b 00 0c 01 
08 0b 00 0c 04 
08 0b 00 0c 08 
08 0b 00 0c 0a 
08 0b 00 0c 0b 
08 0b 00 0c 0c 
08 0b 00 0c 0d 
08 0b 00 0c 10 
08 0b 00 0c 11 
08 0b 00 0c 16 
08 0b 00 0c 18 
08 0b 00 0c 27 
08 0b 00 0d 01 
08 0b 00 0d 03 
08 0b 00 0d 04 
08 0b 00 0d 08 
08 0b 00 0d 0a 
08 0b 00 0d 0b 
08 0b 00 0d 0c 
08 0b 00 0d 0d 
08 0b 00 0d 18 
08 0b 00 0d 20 
08 0b 00 0d 27 
08 0b 00 0e 03 
08 0b 00 0e 0a 
08 0b 00 0e 18 
08 0b 00 0e 19 
08 0b 00 0e 1f 
08 0b 00 0e 20 
08 0b 00 0e 27 
08 0b 00 0f 03 
08 0b 00 0f 04 
08 0b 00 0f 0b 
08 0b 00 0f 0c 
08 0b 00 0f 0d 
08 0b 00 0f 10 
08 0b 00 0f 16 
08 0b 00 0f 18 
08 0b 00 0f 1f 
08 0b 00 0f 20 
08 0b 00 0f 27 
08 0b 00 13 01 
08 0b 00 13 03 
08 0b 00 13 04 
08 0b 00 13 08 
08 0b 00 13 09 
08 0b 00 13 0a 
08 0b 00 13 0b 
08 0b 00 13 0c 
08 0b 00 13 0d 
08 0b 00 13 10 
08 0b 00 13 16 
08 0b 00 13 27 
08 0b 00 16 03 
08 0b 00 16 09 
08 0b 00 16 0a 
08 0b 00 16 0c 
08 0b 00 16 10 
08 0b 00 16 11 
08 0b 00 16 16 
08 0b 00 16 18 
08 0b 00 16 1f 
08 0b 00 16 27 
08 0b 00 1b 01 
08 0b 00 1b 03 
08 0b 00 1b 04 
08 0b 00 1b 08 
08 0b 00 1b 0a 
08 0b 00 1b 0c 
08 0b 00 1b 10 
08 0b 00 1b 16 
08 0b 00 1b 18 
08 0b 00 1b 1f 
08 0b 00 1b 27 
08 0b 00 1c 01 
08 0b 00 1c 03 
08 0b 00 1c 04 
08 0b 00 1c 0c 
08 0b 00 1c 16 
08 0b 00 1d 10 
08 0b 00 1d 16 
08 0b 00 1d 1f 
08 0b 00 24 01 
08 0b 00 24 03 
08 0b 00 24 04 
08 0b 00 24 08 
08 0b 00 24 0a 
08 0b 00 24 0b 
08 0b 00 24 0c 
08 0b 00 24 0d 
08 0b 00 24 10 
08 0b 00 24 16 
08 0b 00 24 17 
08 0b 00 24 18 
08 0b 00 24 1f 
08 0b 00 24 27 
08 0b 00 25 04 
08 0b 00 25 18 
08 0b 01 02 10 
08 0b 01 02 16 
08 0b 01 02 27 
08 0b 01 04 00 
08 0b 01 04 05 
08 0b 01 04 06 
08 0b 01 04 07 
08 0b 01 04 08 
08 0b 01 04 0a 
08 0b 01 04 0b 
08 0b 01 04 0c 
08 0b 01 04 0d 
08 0b 01 04 0e 
08 0b 01 04 0f 
08 0b 01 04 10 
08 0b 01 04 16 
08 0b 01 04 18 
08 0b 01 04 1f 
08 0b 01 04 20 
08 0b 01 04 27 
08 0b 01 0c 00 
08 0b 01 0c 04 
08 0b 01 0c 05 
08 0b 01 0c 06 
08 0b 01 0c 07 
08 0b 01 0c 08 
08 0b 01 0c 0a 
08 0b 01 0c 0d 
08 0b 01 0c 0e 
08 0b 01 0c 10 
08 0b 01 0c 11 
08 0b 01 0c 16 
08 0b 01 0c 18 
08 0b 01 0c 27 
08 0b 01 0c 
08 0b 01 0d 00 
08 0b 01 0d 04 
08 0b 01 0d 05 
08 0b 01 0d 06 
08 0b 01 0d 07 
08 0b 01 0d 08 
08 0b 01 0d 0a 
08 0b 01 0d 0b 
08 0b 01 0d 10 
08 0b 01 0d 17 
08 0b 01 0d 18 
08 0b 01 0d 20 
08 0b 01 0e 00 
08 0b 01 0e 04 
08 0b 01 0e 08 
08 0b 01 0e 0a 
08 0b 01 0e 0c 
08 0b 01 0e 0e 
08 0b 01 0e 10 
08 0b 01 0e 11 
08 0b 01 0e 16 
08 0b 01 0e 17 
08 0b 01 0f 00 
08 0b 01 0f 04 
08 0b 01 0f 05 
08 0b 01 0f 06 
08 0b 01 0f 07 
08 0b 01 0f 0a 
08 0b 01 0f 0b 
08 0b 01 0f 0c 
08 0b 01 0f 0d 
08 0b 01 0f 17 
08 0b 01 0f 18 
08 0b 01 0f 20 
08 0b 01 13 00 
08 0b 01 13 05 
08 0b 01 13 06 
08 0b 01 13 08 
08 0b 01 13 09 
08 0b 01 13 0a 
08 0b 01 13 0c 
08 0b 01 13 0d 
08 0b 01 13 0e 
08 0b 01 13 10 
08 0b 01 13 11 
08 0b 01 13 16 
08 0b 01 13 18 
08 0b 01 13 27 
08 0b 01 14 07 
08 0b 01 14 09 
08 0b 01 14 0d 
08 0b 01 14 27 
08 0b 01 14 
08 0b 01 16 00 
08 0b 01 16 06 
08 0b 01 16 07 
08 0b 01 16 0d 
08 0b 01 16 18 
08 0b 01 16 1f 
08 0b 01 16 27 
08 0b 01 1b 05 
08 0b 01 1b 07 
08 0b 01 1b 08 
08 0b 01 1b 0d 
08 0b 01 1b 10 
08 0b 01 1b 18 
08 0b 01 1b 1f 
08 0b 01 1c 00 
08 0b 01 1c 05 
08 0b 01 1c 07 
08 0b 01 1c 16 
08 0b 01 1c 19 
08 0b 01 1c 20 
08 0b 01 1c 
08 0b 01 1d 0d 
08 0b 01 1d 10 
08 0b 01 1d 11 
08 0b 01 1d 16 
08 0b 01 1d 1f 
08 0b 01 24 05 
08 0b 01 24 07 
08 0b 01 24 08 
08 0b 01 24 0d 
08 0b 01 24 10 
08 0b 01 24 11 
08 0b 01 24 16 
08 0b 01 24 17 
08 0b 01 24 18 
08 0b 01 24 27 
08 0b 01 25 00 
08 0b 01 25 1f 
08 0b 01 25 20 
08 0b 01 25 
08 0b 01 
08 0b 02 02 00 
08 0b 02 02 01 
08 0b 02 02 07 
08 0b 02 02 0a 
08 0b 02 02 0e 
08 0b 02 02 10 
08 0b 02 02 18 
08 0b 02 02 1f 
08 0b 02 02 20 
08 0b 02 04 07 
08 0b 02 04 08 
08 0b 02 04 0a 
08 0b 02 04 0e 
08 0b 02 04 18 
08 0b 02 04 1f 
08 0b 02 04 27 
08 0b 02 08 07 
08 0b 02 08 08 
08 0b 02 08 0a 
08 0b 02 08 0c 
08 0b 02 08 0d 
08 0b 02 08 0e 
08 0b 02 08 17 
08 0b 02 08 18 
08 0b 02 08 1f 
08 0b 02 0c 01 
08 0b 02 0c 06 
08 0b 02 0c 07 
08 0b 02 0c 0a 
08 0b 02 0c 0e 
08 0b 02 0c 10 
08 0b 02 0c 11 
08 0b 02 0c 27 
08 0b 02 0c 
08 0b 02 0d 07 
08 0b 02 0d 0d 
08 0b 02 0d 11 
08 0b 02 0d 20 
08 0b 02 0e 01 
08 0b 02 0e 0a 
08 0b 02 0e 27 
08 0b 02 0f 00 
08 0b 02 0f 01 
08 0b 02 0f 06 
08 0b 02 0f 07 
08 0b 02 0f 0a 
08 0b 02 0f 0b 
08 0b 02 0f 0c 
08 0b 02 0f 0d 
08 0b 02 0f 0e 
08 0b 02 0f 10 
08 0b 02 0f 17 
08 0b 02 0f 18 
08 0b 02 0f 1f 
08 0b 02 13 06 
08 0b 02 13 07 
08 0b 02 13 08 
08 0b 02 13 09 
08 0b 02 13 0a 
08 0b 02 13 0d 
08 0b 02 13 0e 
08 0b 02 13 10 
08 0b 02 13 18 
08 0b 02 14 11 
08 0b 02 14 19 
08 0b 02 14 20 
08 0b 02 14 27 
08 0b 02 16 00 
08 0b 02 16 07 
08 0b 02 16 0a 
08 0b 02 16 0d 
08 0b 02 16 0e 
08 0b 02 16 10 
08 0b 02 16 18 
08 0b 02 16 1f 
08 0b 02 1b 06 
08 0b 02 1b 08 
08 0b 02 1b 0a 
08 0b 02 1b 0e 
08 0b 02 1b 10 
08 0b 02 1b 1f 
08 0b 02 1c 06 
08 0b 02 1c 0e 
08 0b 02 1c 10 
08 0b 02 1d 00 
08 0b 02 1d 01 
08 0b 02 1d 08 
08 0b 02 1d 10 
08 0b 02 1d 20 
08 0b 02 1d 27 
08 0b 02 24 06 
08 0b 02 24 07 
08 0b 02 24 08 
08 0b 02 24 0a 
08 0b 02 24 0d 
08 0b 02 24 0e 
08 0b 02 24 18 
08 0b 02 24 1f 
08 0b 02 24 20 
08 0b 02 25 00 
08 0b 02 25 18 
08 0b 02 25 20 
08 0b 02 
08 0b 08 03 0b 
08 0b 08 03 10 
08 0b 08 03 18 
08 0b 08 03 
08 0b 08 04 02 
08 0b 08 04 16 
08 0b 08 04 
08 0b 08 08 00 
08 0b 08 08 01 
08 0b 08 08 02 
08 0b 08 08 0d 
08 0b 08 08 10 
08 0b 08 08 16 
08 0b 08 08 17 
08 0b 08 08 1f 
08 0b 08 08 27 
08 0b 08 08 
08 0b 08 0c 00 
08 0b 08 0c 01 
08 0b 08 0c 0b 
08 0b 08 0c 0d 
08 0b 08 0c 10 
08 0b 08 0c 16 
08 0b 08 0c 
08 0b 08 0d 00 
08 0b 08 0d 01 
08 0b 08 0d 0b 
08 0b 08 0d 0c 
08 0b 08 0d 0d 
08 0b 08 0d 10 
08 0b 08 0d 11 
08 0b 08 0d 17 
08 0b 08 0d 18 
08 0b 08 0d 19 
08 0b 08 0d 1f 
08 0b 08 0d 20 
08 0b 08 0d 27 
08 0b 08 0d 
08 0b 08 0e 01 
08 0b 08 0e 0b 
08 0b 08 0e 20 
08 0b 08 0e 
08 0b 08 0f 00 
08 0b 08 0f 01 
08 0b 08 0f 02 
08 0b 08 0f 0c 
08 0b 08 0f 0d 
08 0b 08 0f 10 
08 0b 08 0f 18 
08 0b 08 0f 19 
08 0b 08 0f 20 
08 0b 08 0f 27 
08 0b 08 0f 
08 0b 08 13 00 
08 0b 08 13 01 
08 0b 08 13 02 
08 0b 08 13 0a 
08 0b 08 13 0b 
08 0b 08 13 0c 
08 0b 08 13 0d 
08 0b 08 13 10 
08 0b 08 13 16 
08 0b 08 13 18 
08 0b 08 13 19 
08 0b 08 13 1f 
08 0b 08 13 27 
08 0b 08 13 
08 0b 08 15 00 
08 0b 08 15 0b 
08 0b 08 15 18 
08 0b 08 15 19 
08 0b 08 15 1f 
08 0b 08 15 
08 0b 08 1b 00 
08 0b 08 1b 01 
08 0b 08 1b 02 
08 0b 08 1b 0d 
08 0b 08 1b 16 
08 0b 08 1b 1f 
08 0b 08 1b 27 
08 0b 08 1b 
08 0b 08 1d 02 
08 0b 08 1d 16 
08 0b 08 1d 1f 
08 0b 08 1d 
08 0b 08 24 00 
08 0b 08 24 01 
08 0b 08 24 02 
08 0b 08 24 0b 
08 0b 08 24 0c 
08 0b 08 24 0d 
08 0b 08 24 10 
08 0b 08 24 16 
08 0b 08 24 17 
08 0b 08 24 18 
08 0b 08 24 19 
08 0b 08 24 1f 
08 0b 08 24 20 
08 0b 08 24 27 
08 0b 08 24 
08 0b 08 25 00 
08 0b 08 25 0b 
08 0b 08 25 
08 0b 0a 02 02 
08 0b 0a 02 0e 
08 0b 0a 02 10 
08 0b 0a 02 16 
08 0b 0a 02 1f 
08 0b 0a 02 
08 0b 0a 03 10 
08 0b 0a 03 18 
08 0b 0a 03 
08 0b 0a 04 02 
08 0b 0a 04 0c 
08 0b 0a 04 16 
08 0b 0a 04 18 
08 0b 0a 04 20 
08 0b 0a 04 
08 0b 0a 08 00 
08 0b 0a 08 02 
08 0b 0a 08 0d 
08 0b 0a 08 0e 
08 0b 0a 08 10 
08 0b 0a 08 11 
08 0b 0a 08 16 
08 0b 0a 08 17 
08 0b 0a 08 18 
08 0b 0a 08 19 
08 0b 0a 08 1f 
08 0b 0a 0c 00 
08 0b 0a 0c 01 
08 0b 0a 0c 02 
08 0b 0a 0c 0d 
08 0b 0a 0c 0e 
08 0b 0a 0c 10 
08 0b 0a 0c 11 
08 0b 0a 0c 16 
08 0b 0a 0c 18 
08 0b 0a 0c 27 
08 0b 0a 0c 
08 0b 0a 0d 00 
08 0b 0a 0d 01 
08 0b 0a 0d 0c 
08 0b 0a 0d 0d 
08 0b 0a 0d 0e 
08 0b 0a 0d 11 
08 0b 0a 0d 18 
08 0b 0a 0d 19 
08 0b 0a 0d 20 
08 0b 0a 0e 00 
08 0b 0a 0e 01 
08 0b 0a 0e 02 
08 0b 0a 0e 16 
08 0b 0a 0e 17 
08 0b 0a 0e 18 
08 0b 0a 0e 19 
08 0b 0a 0e 20 
08 0b 0a 0e 27 
08 0b 0a 0f 01 
08 0b 0a 0f 02 
08 0b 0a 0f 0c 
08 0b 0a 0f 0d 
08 0b 0a 0f 0e 
08 0b 0a 0f 11 
08 0b 0a 0f 16 
08 0b 0a 0f 18 
08 0b 0a 0f 19 
08 0b 0a 0f 20 
08 0b 0a 13 00 
08 0b 0a 13 01 
08 0b 0a 13 02 
08 0b 0a 13 0d 
08 0b 0a 13 0e 
08 0b 0a 13 10 
08 0b 0a 13 16 
08 0b 0a 13 18 
08 0b 0a 13 19 
08 0b 0a 15 0c 
08 0b 0a 15 18 
08 0b 0a 15 1f 
08 0b 0a 16 00 
08 0b 0a 16 02 
08 0b 0a 16 1f 
08 0b 0a 16 
08 0b 0a 1c 0c 
08 0b 0a 1c 
08 0b 0a 1d 16 
08 0b 0a 25 10 
08 0b 0a 25 11 
08 0b 0a 25 20 
08 0b 0a 25 
08 0b 0b 03 10 
08 0b 0b 03 
08 0b 0b 04 18 
08 0b 0b 04 
08 0b 0b 08 08 
08 0b 0b 08 0e 
08 0b 0b 08 10 
08 0b 0b 08 18 
08 0b 0b 08 1f 
08 0b 0b 08 27 
08 0b 0b 08 
08 0b 0b 0d 00 
08 0b 0b 0d 01 
08 0b 0b 0d 08 
08 0b 0b 0d 0c 
08 0b 0b 0d 0d 
08 0b 0b 0d 0f 
08 0b 0b 0d 10 
08 0b 0b 0d 19 
08 0b 0b 0d 1f 
08 0b 0b 0d 20 
08 0b 0b 0d 27 
08 0b 0b 0d 
08 0b 0b 0e 08 
08 0b 0b 0e 
08 0b 0b 0f 00 
08 0b 0b 0f 01 
08 0b 0b 0f 02 
08 0b 0b 0f 08 
08 0b 0b 0f 0c 
08 0b 0b 0f 0d 
08 0b 0b 0f 0e 
08 0b 0b 0f 0f 
08 0b 0b 0f 10 
08 0b 0b 0f 16 
08 0b 0b 0f 18 
08 0b 0b 0f 19 
08 0b 0b 0f 1f 
08 0b 0b 0f 20 
08 0b 0b 0f 27 
08 0b 0b 0f 
08 0b 0b 13 00 
08 0b 0b 13 01 
08 0b 0b 13 0c 
08 0b 0b 13 0f 
08 0b 0b 13 10 
08 0b 0b 13 1f 
08 0b 0b 13 
08 0b 0b 15 00 
08 0b 0b 15 
08 0b 0b 1b 0f 
08 0b 0b 1b 
08 0b 0b 1c 0f 
08 0b 0b 1c 
08 0b 0b 24 00 
08 0b 0b 24 01 
08 0b 0b 24 0c 
08 0b 0b 24 0e 
08 0b 0b 24 0f 
08 0b 0b 24 10 
08 0b 0b 24 18 
08 0b 0b 24 19 
08 0b 0b 24 1f 
08 0b 0b 24 20 
08 0b 0b 24 27 
08 0b 0b 24 
08 0b 0c 02 10 
08 0b 0c 02 18 
08 0b 0c 02 19 
08 0b 0c 02 
08 0b 0c 03 10 
08 0b 0c 03 18 
08 0b 0c 03 
08 0b 0c 08 00 
08 0b 0c 08 01 
08 0b 0c 08 0f 
08 0b 0c 08 17 
08 0b 0c 08 20 
08 0b 0c 08 27 
08 0b 0c 08 
08 0b 0c 0c 00 
08 0b 0c 0c 09 
08 0b 0c 0c 0f 
08 0b 0c 0c 10 
08 0b 0c 0c 
08 0b 0c 0d 01 
08 0b 0c 0d 27 
08 0b 0c 0d 
08 0b 0c 0e 01 
08 0b 0c 0e 09 
08 0b 0c 0e 20 
08 0b 0c 0e 
08 0b 0c 0f 00 
08 0b 0c 0f 01 
08 0b 0c 0f 08 
08 0b 0c 0f 09 
08 0b 0c 0f 0f 
08 0b 0c 0f 10 
08 0b 0c 0f 11 
08 0b 0c 0f 17 
08 0b 0c 0f 18 
08 0b 0c 0f 19 
08 0b 0c 0f 1f 
08 0b 0c 0f 20 
08 0b 0c 0f 27 
08 0b 0c 0f 
08 0b 0c 13 00 
08 0b 0c 13 01 
08 0b 0c 13 08 
08 0b 0c 13 09 
08 0b 0c 13 0f 
08 0b 0c 13 10 
08 0b 0c 13 18 
08 0b 0c 13 1f 
08 0b 0c 13 27 
08 0b 0c 13 
08 0b 0c 15 00 
08 0b 0c 15 09 
08 0b 0c 15 18 
08 0b 0c 15 19 
08 0b 0c 15 1f 
08 0b 0c 15 
08 0b 0c 16 00 
08 0b 0c 16 1f 
08 0b 0c 16 27 
08 0b 0c 16 
08 0b 0c 1b 00 
08 0b 0c 1b 10 
08 0b 0c 1b 
08 0b 0c 1c 00 
08 0b 0c 1c 
08 0b 0c 1d 10 
08 0b 0c 1d 
08 0b 0c 24 00 
08 0b 0c 24 01 
08 0b 0c 24 08 
08 0b 0c 24 09 
08 0b 0c 24 0f 
08 0b 0c 24 10 
08 0b 0c 24 18 
08 0b 0c 24 19 
08 0b 0c 24 1f 
08 0b 0c 24 20 
08 0b 0c 24 27 
08 0b 0c 24 
08 0b 0d 02 00 
08 0b 0d 02 10 
08 0b 0d 02 1f 
08 0b 0d 02 
08 0b 0d 03 10 
08 0b 0d 03 
08 0b 0d 04 10 
08 0b 0d 04 16 
08 0b 0d 04 
08 0b 0d 08 00 
08 0b 0d 08 01 
08 0b 0d 08 02 
08 0b 0d 08 08 
08 0b 0d 08 0a 
08 0b 0d 08 0c 
08 0b 0d 08 11 
08 0b 0d 08 16 
08 0b 0d 08 17 
08 0b 0d 08 18 
08 0b 0d 08 27 
08 0b 0d 0c 01 
08 0b 0d 0c 08 
08 0b 0d 0c 09 
08 0b 0d 0c 0c 
08 0b 0d 0c 10 
08 0b 0d 0c 16 
08 0b 0d 0c 18 
08 0b 0d 0c 27 
08 0b 0d 0c 
08 0b 0d 0d 08 
08 0b 0d 0d 09 
08 0b 0d 0d 0a 
08 0b 0d 0d 0b 
08 0b 0d 0d 0c 
08 0b 0d 0d 18 
08 0b 0d 0d 1f 
08 0b 0d 0e 0a 
08 0b 0d 0e 20 
08 0b 0d 0f 01 
08 0b 0d 0f 02 
08 0b 0d 0f 08 
08 0b 0d 0f 09 
08 0b 0d 0f 0a 
08 0b 0d 0f 0b 
08 0b 0d 0f 0c 
08 0b 0d 0f 16 
08 0b 0d 0f 18 
08 0b 0d 0f 27 
08 0b 0d 13 02 
08 0b 0d 13 08 
08 0b 0d 13 09 
08 0b 0d 13 0a 
08 0b 0d 13 0c 
08 0b 0d 13 10 
08 0b 0d 13 16 
08 0b 0d 13 18 
08 0b 0d 13 19 
08 0b 0d 13 1f 
08 0b 0d 14 01 
08 0b 0d 14 
08 0b 0d 15 00 
08 0b 0d 15 01 
08 0b 0d 15 08 
08 0b 0d 15 0a 
08 0b 0d 15 10 
08 0b 0d 15 18 
08 0b 0d 15 19 
08 0b 0d 15 1f 
08 0b 0d 15 
08 0b 0d 16 00 
08 0b 0d 16 01 
08 0b 0d 16 02 
08 0b 0d 16 16 
08 0b 0d 16 19 
08 0b 0d 16 1f 
08 0b 0d 16 
08 0b 0d 1b 01 
08 0b 0d 1b 08 
08 0b 0d 1b 09 
08 0b 0d 1b 0a 
08 0b 0d 1b 10 
08 0b 0d 1b 19 
08 0b 0d 1b 
08 0b 0d 1c 09 
08 0b 0d 1c 0a 
08 0b 0d 1c 
08 0b 0d 1d 01 
08 0b 0d 1d 
08 0b 0d 24 02 
08 0b 0d 24 08 
08 0b 0d 24 09 
08 0b 0d 24 0a 
08 0b 0d 24 0c 
08 0b 0d 24 10 
08 0b 0d 24 16 
08 0b 0d 24 17 
08 0b 0d 24 19 
08 0b 0d 24 1f 
08 0b 0d 24 20 
08 0b 0e 02 02 
08 0b 0e 02 10 
08 0b 0e 02 16 
08 0b 0e 02 18 
08 0b 0e 02 19 
08 0b 0e 02 1f 
08 0b 0e 02 20 
08 0b 0e 02 
08 0b 0e 03 10 
08 0b 0e 03 11 
08 0b 0e 03 16 
08 0b 0e 03 18 
08 0b 0e 03 
08 0b 0e 08 00 
08 0b 0e 08 01 
08 0b 0e 08 02 
08 0b 0e 08 0c 
08 0b 0e 08 10 
08 0b 0e 08 11 
08 0b 0e 08 16 
08 0b 0e 08 17 
08 0b 0e 08 18 
08 0b 0e 08 1f 
08 0b 0e 08 20 
08 0b 0e 08 27 
08 0b 0e 0c 00 
08 0b 0e 0c 01 
08 0b 0e 0c 02 
08 0b 0e 0c 0a 
08 0b 0e 0c 0b 
08 0b 0e 0c 0c 
08 0b 0e 0c 10 
08 0b 0e 0c 16 
08 0b 0e 0c 18 
08 0b 0e 0c 27 
08 0b 0e 0c 
08 0b 0e 0d 00 
08 0b 0e 0d 09 
08 0b 0e 0d 0a 
08 0b 0e 0d 0b 
08 0b 0e 0d 0c 
08 0b 0e 0d 11 
08 0b 0e 0d 18 
08 0b 0e 0d 1f 
08 0b 0e 0d 20 
08 0b 0e 0d 27 
08 0b 0e 0e 01 
08 0b 0e 0e 0a 
08 0b 0e 0e 18 
08 0b 0e 0e 1f 
08 0b 0e 0e 20 
08 0b 0e 0e 27 
08 0b 0e 0e 
08 0b 0e 0f 00 
08 0b 0e 0f 02 
08 0b 0e 0f 0a 
08 0b 0e 0f 0b 
08 0b 0e 0f 0c 
08 0b 0e 0f 10 
08 0b 0e 0f 11 
08 0b 0e 0f 16 
08 0b 0e 0f 18 
08 0b 0e 0f 1f 
08 0b 0e 0f 20 
08 0b 0e 0f 27 
08 0b 0e 13 00 
08 0b 0e 13 01 
08 0b 0e 13 02 
08 0b 0e 13 09 
08 0b 0e 13 0a 
08 0b 0e 13 0b 
08 0b 0e 13 0c 
08 0b 0e 13 10 
08 0b 0e 13 11 
08 0b 0e 13 18 
08 0b 0e 13 19 
08 0b 0e 13 1f 
08 0b 0e 13 20 
08 0b 0e 13 27 
08 0b 0e 15 00 
08 0b 0e 15 02 
08 0b 0e 15 16 
08 0b 0e 15 18 
08 0b 0e 15 19 
08 0b 0e 15 1f 
08 0b 0e 15 
08 0b 0e 16 02 
08 0b 0e 16 10 
08 0b 0e 16 16 
08 0b 0e 16 18 
08 0b 0e 16 1f 
08 0b 0e 16 27 
08 0b 0e 16 
08 0b 0e 1b 02 
08 0b 0e 1b 10 
08 0b 0e 1b 11 
08 0b 0e 1b 16 
08 0b 0e 1b 18 
08 0b 0e 1b 1f 
08 0b 0e 1b 27 
08 0b 0e 1b 
08 0b 0e 1c 02 
08 0b 0e 1c 16 
08 0b 0e 1c 
08 0b 0e 1d 16 
08 0b 0e 1d 1f 
08 0b 0e 1d 
08 0b 0e 24 00 
08 0b 0e 24 01 
08 0b 0e 24 02 
08 0b 0e 24 09 
08 0b 0e 24 0a 
08 0b 0e 24 0b 
08 0b 0e 24 0c 
08 0b 0e 24 10 
08 0b 0e 24 11 
08 0b 0e 24 17 
08 0b 0e 24 18 
08 0b 0e 24 19 
08 0b 0e 24 1f 
08 0b 0e 24 20 
08 0b 0e 24 27 
08 0b 0e 25 16 
08 0b 0e 25 18 
08 0b 0e 25 
08 0b 10 02 00 
08 0b 10 02 01 
08 0b 10 02 0c 
08 0b 10 02 0d 
08 0b 10 02 0e 
08 0b 10 02 0f 
08 0b 10 02 12 
08 0b 10 02 15 
08 0b 10 02 18 
08 0b 10 02 1e 
08 0b 10 04 12 
08 0b 10 04 15 
08 0b 10 04 
08 0b 10 08 08 
08 0b 10 08 0b 
08 0b 10 08 0e 
08 0b 10 08 15 
08 0b 10 08 17 
08 0b 10 08 18 
08 0b 10 08 19 
08 0b 10 0c 00 
08 0b 10 0c 01 
08 0b 10 0c 02 
08 0b 10 0c 08 
08 0b 10 0c 0b 
08 0b 10 0c 0c 
08 0b 10 0c 0d 
08 0b 10 0c 0e 
08 0b 10 0c 12 
08 0b 10 0c 13 
08 0b 10 0c 14 
08 0b 10 0c 17 
08 0b 10 0c 18 
08 0b 10 0c 27 
08 0b 10 0d 01 
08 0b 10 0d 08 
08 0b 10 0d 0b 
08 0b 10 0d 0c 
08 0b 10 0d 12 
08 0b 10 0d 13 
08 0b 10 0d 14 
08 0b 10 0d 17 
08 0b 10 0d 18 
08 0b 10 0d 19 
08 0b 10 0d 1e 
08 0b 10 0d 1f 
08 0b 10 0d 27 
08 0b 10 0e 01 
08 0b 10 0e 12 
08 0b 10 0e 1f 
08 0b 10 0e 27 
08 0b 10 0f 01 
08 0b 10 0f 02 
08 0b 10 0f 0d 
08 0b 10 0f 0e 
08 0b 10 0f 27 
08 0b 10 13 02 
08 0b 10 13 08 
08 0b 10 13 09 
08 0b 10 13 0b 
08 0b 10 13 0c 
08 0b 10 13 0d 
08 0b 10 13 0e 
08 0b 10 13 10 
08 0b 10 13 12 
08 0b 10 13 13 
08 0b 10 13 14 
08 0b 10 13 17 
08 0b 10 13 18 
08 0b 10 13 19 
08 0b 10 13 27 
08 0b 10 16 00 
08 0b 10 16 01 
08 0b 10 16 0d 
08 0b 10 16 0e 
08 0b 10 16 15 
08 0b 10 16 27 
08 0b 10 1b 00 
08 0b 10 1b 01 
08 0b 10 1b 02 
08 0b 10 1b 0c 
08 0b 10 1b 0d 
08 0b 10 1b 0e 
08 0b 10 1b 14 
08 0b 10 1b 15 
08 0b 10 1b 1f 
08 0b 10 1b 27 
08 0b 10 1c 02 
08 0b 10 1c 11 
08 0b 10 1c 12 
08 0b 10 1c 13 
08 0b 10 1c 14 
08 0b 10 1c 17 
08 0b 10 1c 1e 
08 0b 10 1c 
08 0b 10 24 00 
08 0b 10 24 08 
08 0b 10 24 0b 
08 0b 10 24 0c 
08 0b 10 24 0d 
08 0b 10 24 0e 
08 0b 10 24 12 
08 0b 10 24 13 
08 0b 10 24 14 
08 0b 10 24 17 
08 0b 10 24 18 
08 0b 10 24 19 
08 0b 10 25 13 
08 0b 10 25 18 
08 0b 10 
08 0b 11 02 00 
08 0b 11 02 14 
08 0b 11 02 27 
08 0b 11 04 01 
08 0b 11 04 02 
08 0b 11 04 17 
08 0b 11 04 1f 
08 0b 11 08 0b 
08 0b 11 08 0d 
08 0b 11 08 0e 
08 0b 11 08 16 
08 0b 11 08 18 
08 0b 11 0d 08 
08 0b 11 0d 0a 
08 0b 11 0d 0b 
08 0b 11 0d 0e 
08 0b 11 0d 10 
08 0b 11 0d 14 
08 0b 11 0d 15 
08 0b 11 0d 17 
08 0b 11 0d 18 
08 0b 11 0d 1e 
08 0b 11 0d 27 
08 0b 11 0e 01 
08 0b 11 0e 02 
08 0b 11 0e 10 
08 0b 11 0e 17 
08 0b 11 0e 18 
08 0b 11 0e 19 
08 0b 11 0e 27 
08 0b 11 0f 02 
08 0b 11 0f 0a 
08 0b 11 0f 0b 
08 0b 11 0f 0c 
08 0b 11 0f 0e 
08 0b 11 0f 10 
08 0b 11 0f 15 
08 0b 11 0f 18 
08 0b 11 13 01 
08 0b 11 13 09 
08 0b 11 13 0b 
08 0b 11 13 0e 
08 0b 11 13 14 
08 0b 11 13 15 
08 0b 11 13 18 
08 0b 11 13 27 
08 0b 11 14 00 
08 0b 11 14 01 
08 0b 11 14 02 
08 0b 11 14 14 
08 0b 11 14 18 
08 0b 11 14 20 
08 0b 11 14 27 
08 0b 11 14 
08 0b 11 16 00 
08 0b 11 16 27 
08 0b 11 1b 0e 
08 0b 11 1b 15 
08 0b 11 1b 18 
08 0b 11 1b 27 
08 0b 11 1c 01 
08 0b 11 1c 02 
08 0b 11 1c 17 
08 0b 11 1d 01 
08 0b 11 1d 17 
08 0b 11 1d 18 
08 0b 11 1d 1e 
08 0b 11 24 01 
08 0b 11 24 02 
08 0b 11 24 0b 
08 0b 11 24 0e 
08 0b 11 24 15 
08 0b 11 24 16 
08 0b 11 24 18 
08 0b 11 24 27 
08 0b 11 25 02 
08 0b 11 25 0a 
08 0b 11 25 16 
08 0b 11 25 18 
08 0b 11 25 27 
08 0b 11 
08 0b 16 02 00 
08 0b 16 02 01 
08 0b 16 02 0a 
08 0b 16 02 0e 
08 0b 16 02 10 
08 0b 16 02 11 
08 0b 16 02 17 
08 0b 16 02 18 
08 0b 16 02 1e 
08 0b 16 02 1f 
08 0b 16 02 27 
08 0b 16 04 01 
08 0b 16 04 08 
08 0b 16 04 0a 
08 0b 16 04 18 
08 0b 16 04 27 
08 0b 16 08 08 
08 0b 16 08 0d 
08 0b 16 08 0e 
08 0b 16 08 17 
08 0b 16 08 18 
08 0b 16 08 1e 
08 0b 16 0c 01 
08 0b 16 0c 08 
08 0b 16 0c 0a 
08 0b 16 0c 0d 
08 0b 16 0c 0e 
08 0b 16 0c 11 
08 0b 16 0c 12 
08 0b 16 0c 17 
08 0b 16 0c 18 
08 0b 16 0c 27 
08 0b 16 0d 00 
08 0b 16 0d 01 
08 0b 16 0d 0d 
08 0b 16 0d 17 
08 0b 16 0d 20 
08 0b 16 0e 0a 
08 0b 16 0f 0a 
08 0b 16 0f 0b 
08 0b 16 0f 0c 
08 0b 16 0f 0d 
08 0b 16 0f 0e 
08 0b 16 0f 10 
08 0b 16 0f 11 
08 0b 16 0f 12 
08 0b 16 0f 17 
08 0b 16 0f 18 
08 0b 16 0f 1e 
08 0b 16 0f 1f 
08 0b 16 13 01 
08 0b 16 13 08 
08 0b 16 13 09 
08 0b 16 13 0a 
08 0b 16 13 0d 
08 0b 16 13 12 
08 0b 16 13 17 
08 0b 16 13 18 
08 0b 16 13 27 
08 0b 16 14 01 
08 0b 16 14 08 
08 0b 16 14 0a 
08 0b 16 14 0e 
08 0b 16 14 18 
08 0b 16 14 20 
08 0b 16 14 27 
08 0b 16 16 01 
08 0b 16 16 0d 
08 0b 16 16 0e 
08 0b 16 16 10 
08 0b 16 16 11 
08 0b 16 16 1f 
08 0b 16 1b 08 
08 0b 16 1b 0a 
08 0b 16 1b 0e 
08 0b 16 1b 12 
08 0b 16 1b 18 
08 0b 16 1b 1f 
08 0b 16 1c 01 
08 0b 16 1c 0e 
08 0b 16 1c 12 
08 0b 16 1c 1e 
08 0b 16 1d 01 
08 0b 16 1d 08 
08 0b 16 1d 0a 
08 0b 16 1d 0e 
08 0b 16 1d 10 
08 0b 16 1d 11 
08 0b 16 1d 18 
08 0b 16 1d 27 
08 0b 16 24 01 
08 0b 16 24 08 
08 0b 16 24 0a 
08 0b 16 24 0d 
08 0b 16 24 12 
08 0b 16 24 17 
08 0b 16 24 18 
08 0b 16 24 1e 
08 0b 16 24 27 
08 0b 16 25 0e 
08 0b 16 25 10 
08 0b 16 25 18 
08 0b 17 02 11 
08 0b 17 02 12 
08 0b 17 02 14 
08 0b 17 02 18 
08 0b 17 02 
08 0b 17 08 00 
08 0b 17 08 01 
08 0b 17 08 02 
08 0b 17 08 08 
08 0b 17 08 0c 
08 0b 17 08 0d 
08 0b 17 08 0e 
08 0b 17 08 10 
08 0b 17 08 14 
08 0b 17 08 18 
08 0b 17 08 19 
08 0b 17 08 1f 
08 0b 17 08 27 
08 0b 17 0c 10 
08 0b 17 0c 11 
08 0b 17 0c 12 
08 0b 17 0c 13 
08 0b 17 0c 14 
08 0b 17 0c 
08 0b 17 0d 01 
08 0b 17 0d 08 
08 0b 17 0d 10 
08 0b 17 0d 11 
08 0b 17 0d 12 
08 0b 17 0d 13 
08 0b 17 0d 14 
08 0b 17 0d 18 
08 0b 17 0d 19 
08 0b 17 0d 
08 0b 17 0e 01 
08 0b 17 0e 0a 
08 0b 17 0e 12 
08 0b 17 0e 19 
08 0b 17 0e 27 
08 0b 17 0f 01 
08 0b 17 0f 02 
08 0b 17 0f 0c 
08 0b 17 0f 10 
08 0b 17 0f 11 
08 0b 17 0f 12 
08 0b 17 0f 13 
08 0b 17 0f 14 
08 0b 17 0f 18 
08 0b 17 0f 19 
08 0b 17 0f 1f 
08 0b 17 0f 20 
08 0b 17 0f 
08 0b 17 13 01 
08 0b 17 13 10 
08 0b 17 13 11 
08 0b 17 13 12 
08 0b 17 13 13 
08 0b 17 13 14 
08 0b 17 13 18 
08 0b 17 13 
08 0b 17 14 10 
08 0b 17 14 11 
08 0b 17 14 12 
08 0b 17 14 13 
08 0b 17 14 18 
08 0b 17 14 
08 0b 17 16 10 
08 0b 17 16 18 
08 0b 17 16 
08 0b 17 1b 0a 
08 0b 17 1b 10 
08 0b 17 1b 12 
08 0b 17 1b 13 
08 0b 17 1b 
08 0b 17 1c 10 
08 0b 17 1c 11 
08 0b 17 1c 12 
08 0b 17 1c 13 
08 0b 17 1c 
08 0b 17 1d 11 
08 0b 17 1d 12 
08 0b 17 1d 
08 0b 17 24 00 
08 0b 17 24 01 
08 0b 17 24 02 
08 0b 17 24 08 
08 0b 17 24 0a 
08 0b 17 24 0d 
08 0b 17 24 0e 
08 0b 17 24 10 
08 0b 17 24 11 
08 0b 17 24 13 
08 0b 17 24 14 
08 0b 17 24 18 
08 0b 17 24 19 
08 0b 17 24 1e 
08 0b 17 24 1f 
08 0b 17 24 27 
08 0b 18 02 02 
08 0b 18 02 0a 
08 0b 18 02 0c 
08 0b 18 02 0e 
08 0b 18 02 10 
08 0b 18 02 12 
08 0b 18 02 16 
08 0b 18 02 17 
08 0b 18 02 1a 
08 0b 18 02 1b 
08 0b 18 02 1e 
08 0b 18 02 20 
08 0b 18 02 
08 0b 18 04 01 
08 0b 18 04 02 
08 0b 18 04 0b 
08 0b 18 04 0e 
08 0b 18 04 16 
08 0b 18 04 1a 
08 0b 18 04 1b 
08 0b 18 08 00 
08 0b 18 08 01 
08 0b 18 08 02 
08 0b 18 08 0a 
08 0b 18 08 0b 
08 0b 18 08 0d 
08 0b 18 08 0e 
08 0b 18 08 10 
08 0b 18 08 11 
08 0b 18 08 16 
08 0b 18 08 17 
08 0b 18 08 1b 
08 0b 18 08 1e 
08 0b 18 08 20 
08 0b 18 08 27 
08 0b 18 08 
08 0b 18 0c 00 
08 0b 18 0c 01 
08 0b 18 0c 0a 
08 0b 18 0c 0d 
08 0b 18 0c 0e 
08 0b 18 0c 10 
08 0b 18 0c 11 
08 0b 18 0c 12 
08 0b 18 0c 16 
08 0b 18 0c 1a 
08 0b 18 0c 1b 
08 0b 18 0c 1c 
08 0b 18 0c 1e 
08 0b 18 0c 26 
08 0b 18 0c 
08 0b 18 0d 00 
08 0b 18 0d 01 
08 0b 18 0d 08 
08 0b 18 0d 0a 
08 0b 18 0d 0c 
08 0b 18 0d 0d 
08 0b 18 0d 0e 
08 0b 18 0d 10 
08 0b 18 0d 11 
08 0b 18 0d 12 
08 0b 18 0d 17 
08 0b 18 0d 1a 
08 0b 18 0d 1b 
08 0b 18 0d 1c 
08 0b 18 0d 1e 
08 0b 18 0d 20 
08 0b 18 0d 26 
08 0b 18 0d 27 
08 0b 18 0d 
08 0b 18 0e 00 
08 0b 18 0e 0e 
08 0b 18 0e 11 
08 0b 18 0e 1a 
08 0b 18 0e 20 
08 0b 18 0e 26 
08 0b 18 0e 
08 0b 18 0f 00 
08 0b 18 0f 01 
08 0b 18 0f 02 
08 0b 18 0f 0a 
08 0b 18 0f 0b 
08 0b 18 0f 0c 
08 0b 18 0f 0d 
08 0b 18 0f 0e 
08 0b 18 0f 11 
08 0b 18 0f 12 
08 0b 18 0f 16 
08 0b 18 0f 17 
08 0b 18 0f 1a 
08 0b 18 0f 1b 
08 0b 18 0f 1c 
08 0b 18 0f 1d 
08 0b 18 0f 1e 
08 0b 18 0f 20 
08 0b 18 0f 26 
08 0b 18 0f 27 
08 0b 18 14 09 
08 0b 18 14 
08 0b 18 16 00 
08 0b 18 16 01 
08 0b 18 16 02 
08 0b 18 16 0e 
08 0b 18 16 17 
08 0b 18 1b 00 
08 0b 18 1b 01 
08 0b 18 1b 02 
08 0b 18 1b 0b 
08 0b 18 1b 0c 
08 0b 18 1b 0e 
08 0b 18 1b 16 
08 0b 18 1b 17 
08 0b 18 1b 1b 
08 0b 18 1b 1c 
08 0b 18 1b 20 
08 0b 18 1b 
08 0b 18 1d 0a 
08 0b 18 1d 10 
08 0b 18 1d 11 
08 0b 18 1d 12 
08 0b 18 1d 16 
08 0b 18 1d 17 
08 0b 18 1d 1e 
08 0b 18 1d 
08 0b 18 24 00 
08 0b 18 24 02 
08 0b 18 24 08 
08 0b 18 24 0a 
08 0b 18 24 0b 
08 0b 18 24 0c 
08 0b 18 24 0e 
08 0b 18 24 10 
08 0b 18 24 11 
08 0b 18 24 12 
08 0b 18 24 16 
08 0b 18 24 17 
08 0b 18 24 19 
08 0b 18 24 1a 
08 0b 18 24 1c 
08 0b 18 24 1d 
08 0b 18 24 1e 
08 0b 18 24 26 
08 0b 18 24 27 
08 0b 18 
08 0b 19 02 0c 
08 0b 19 02 0e 
08 0b 19 02 12 
08 0b 19 02 18 
08 0b 19 02 1e 
08 0b 19 02 1f 
08 0b 19 02 26 
08 0b 19 02 27 
08 0b 19 04 01 
08 0b 19 04 0d 
08 0b 19 04 18 
08 0b 19 04 27 
08 0b 19 08 10 
08 0b 19 08 17 
08 0b 19 08 18 
08 0b 19 08 1e 
08 0b 19 08 1f 
08 0b 19 0c 12 
08 0b 19 0c 17 
08 0b 19 0d 08 
08 0b 19 0d 0a 
08 0b 19 0d 0b 
08 0b 19 0d 0c 
08 0b 19 0d 10 
08 0b 19 0d 12 
08 0b 19 0d 17 
08 0b 19 0d 18 
08 0b 19 0d 1d 
08 0b 19 0d 1e 
08 0b 19 0d 1f 
08 0b 19 0d 26 
08 0b 19 0e 00 
08 0b 19 0e 0a 
08 0b 19 0e 11 
08 0b 19 0e 17 
08 0b 19 0e 18 
08 0b 19 0e 26 
08 0b 19 0e 27 
08 0b 19 0f 0a 
08 0b 19 0f 0b 
08 0b 19 0f 0c 
08 0b 19 0f 17 
08 0b 19 0f 18 
08 0b 19 0f 1d 
08 0b 19 0f 1e 
08 0b 19 0f 1f 
08 0b 19 13 08 
08 0b 19 13 09 
08 0b 19 13 0a 
08 0b 19 13 0d 
08 0b 19 13 0e 
08 0b 19 13 10 
08 0b 19 13 12 
08 0b 19 13 1d 
08 0b 19 13 1e 
08 0b 19 13 1f 
08 0b 19 14 02 
08 0b 19 14 11 
08 0b 19 16 0d 
08 0b 19 16 1f 
08 0b 19 1b 0d 
08 0b 19 1b 1d 
08 0b 19 1b 26 
08 0b 19 1c 08 
08 0b 19 1c 0a 
08 0b 19 1c 0c 
08 0b 19 1c 0d 
08 0b 19 1c 0e 
08 0b 19 1c 10 
08 0b 19 1c 11 
08 0b 19 1c 18 
08 0b 19 1c 1f 
08 0b 19 1d 10 
08 0b 19 1d 26 
08 0b 19 24 01 
08 0b 19 24 08 
08 0b 19 24 0a 
08 0b 19 24 0b 
08 0b 19 24 0c 
08 0b 19 24 0d 
08 0b 19 24 0e 
08 0b 19 24 10 
08 0b 19 24 17 
08 0b 19 24 18 
08 0b 19 24 1d 
08 0b 19 24 1e 
08 0b 19 24 1f 
08 0b 19 24 26 
08 0b 19 24 27 
08 0b 19 25 18 
08 0b 1f 02 02 
08 0b 1f 02 0a 
08 0b 1f 02 0d 
08 0b 1f 02 0e 
08 0b 1f 02 12 
08 0b 1f 02 16 
08 0b 1f 02 19 
08 0b 1f 02 1c 
08 0b 1f 02 27 
08 0b 1f 04 01 
08 0b 1f 04 08 
08 0b 1f 04 0b 
08 0b 1f 04 0c 
08 0b 1f 04 0e 
08 0b 1f 04 10 
08 0b 1f 04 19 
08 0b 1f 08 01 
08 0b 1f 08 02 
08 0b 1f 08 08 
08 0b 1f 08 0a 
08 0b 1f 08 0b 
08 0b 1f 08 0e 
08 0b 1f 08 12 
08 0b 1f 08 17 
08 0b 1f 08 18 
08 0b 1f 08 19 
08 0b 1f 08 1c 
08 0b 1f 08 26 
08 0b 1f 08 27 
08 0b 1f 0c 18 
08 0b 1f 0c 19 
08 0b 1f 0c 1b 
08 0b 1f 0d 08 
08 0b 1f 0d 0b 
08 0b 1f 0d 0d 
08 0b 1f 0d 0e 
08 0b 1f 0d 10 
08 0b 1f 0d 18 
08 0b 1f 0d 19 
08 0b 1f 0d 1b 
08 0b 1f 0d 1c 
08 0b 1f 0d 27 
08 0b 1f 0e 08 
08 0b 1f 0e 0a 
08 0b 1f 0e 10 
08 0b 1f 0e 19 
08 0b 1f 0e 20 
08 0b 1f 0e 
08 0b 1f 0f 02 
08 0b 1f 0f 0b 
08 0b 1f 0f 0c 
08 0b 1f 0f 0e 
08 0b 1f 0f 12 
08 0b 1f 0f 16 
08 0b 1f 0f 17 
08 0b 1f 0f 18 
08 0b 1f 0f 19 
08 0b 1f 0f 1b 
08 0b 1f 0f 1c 
08 0b 1f 13 08 
08 0b 1f 13 09 
08 0b 1f 13 0b 
08 0b 1f 13 0c 
08 0b 1f 13 0d 
08 0b 1f 13 0e 
08 0b 1f 13 10 
08 0b 1f 13 18 
08 0b 1f 13 19 
08 0b 1f 13 1b 
08 0b 1f 13 1c 
08 0b 1f 14 0a 
08 0b 1f 14 1b 
08 0b 1f 14 
08 0b 1f 16 01 
08 0b 1f 16 02 
08 0b 1f 16 09 
08 0b 1f 16 0a 
08 0b 1f 16 0c 
08 0b 1f 16 0d 
08 0b 1f 16 0e 
08 0b 1f 16 10 
08 0b 1f 16 12 
08 0b 1f 16 16 
08 0b 1f 16 18 
08 0b 1f 16 26 
08 0b 1f 16 27 
08 0b 1f 1b 01 
08 0b 1f 1b 02 
08 0b 1f 1b 08 
08 0b 1f 1b 0e 
08 0b 1f 1b 10 
08 0b 1f 1b 12 
08 0b 1f 1b 16 
08 0b 1f 1b 1b 
08 0b 1f 1b 26 
08 0b 1f 1b 27 
08 0b 1f 1c 01 
08 0b 1f 1c 02 
08 0b 1f 1c 0a 
08 0b 1f 1c 0e 
08 0b 1f 1c 10 
08 0b 1f 1c 16 
08 0b 1f 1c 18 
08 0b 1f 1c 19 
08 0b 1f 1c 1b 
08 0b 1f 1c 27 
08 0b 1f 1d 11 
08 0b 1f 24 00 
08 0b 1f 24 02 
08 0b 1f 24 08 
08 0b 1f 24 0b 
08 0b 1f 24 0c 
08 0b 1f 24 0d 
08 0b 1f 24 0e 
08 0b 1f 24 17 
08 0b 1f 24 18 
08 0b 1f 24 19 
08 0b 1f 24 1b 
08 0b 1f 24 1c 
08 0b 1f 24 27 
08 0b 1f 25 00 
08 0b 1f 25 01 
08 0b 1f 25 26 
08 0b 1f 25 27 
08 0b 1f 
08 0b 20 02 02 
08 0b 20 02 0e 
08 0b 20 02 18 
08 0b 20 02 19 
08 0b 20 02 1a 
08 0b 20 04 01 
08 0b 20 04 0a 
08 0b 20 04 0e 
08 0b 20 04 11 
08 0b 20 04 19 
08 0b 20 04 1a 
08 0b 20 04 25 
08 0b 20 08 0a 
08 0b 20 08 0d 
08 0b 20 08 18 
08 0b 20 08 20 
08 0b 20 08 25 
08 0b 20 08 26 
08 0b 20 0d 01 
08 0b 20 0d 08 
08 0b 20 0d 0b 
08 0b 20 0d 0c 
08 0b 20 0d 0d 
08 0b 20 0d 0e 
08 0b 20 0d 11 
08 0b 20 0d 18 
08 0b 20 0d 1a 
08 0b 20 0d 20 
08 0b 20 0d 24 
08 0b 20 0d 25 
08 0b 20 0e 00 
08 0b 20 0e 01 
08 0b 20 0e 11 
08 0b 20 0e 18 
08 0b 20 0e 1f 
08 0b 20 0e 20 
08 0b 20 0e 27 
08 0b 20 0f 0b 
08 0b 20 0f 0c 
08 0b 20 0f 0d 
08 0b 20 0f 0e 
08 0b 20 0f 11 
08 0b 20 0f 1a 
08 0b 20 0f 20 
08 0b 20 0f 24 
08 0b 20 0f 25 
08 0b 20 0f 26 
08 0b 20 13 09 
08 0b 20 13 0b 
08 0b 20 13 0e 
08 0b 20 13 24 
08 0b 20 13 25 
08 0b 20 14 02 
08 0b 20 14 16 
08 0b 20 14 19 
08 0b 20 14 
08 0b 20 16 0b 
08 0b 20 1b 0a 
08 0b 20 1b 11 
08 0b 20 1b 24 
08 0b 20 1b 25 
08 0b 20 1c 01 
08 0b 20 1c 0b 
08 0b 20 1c 1a 
08 0b 20 1c 24 
08 0b 20 1d 02 
08 0b 20 1d 11 
08 0b 20 1d 19 
08 0b 20 1d 1f 
08 0b 20 1d 27 
08 0b 20 24 01 
08 0b 20 24 02 
08 0b 20 24 08 
08 0b 20 24 0a 
08 0b 20 24 0b 
08 0b 20 24 0c 
08 0b 20 24 0d 
08 0b 20 24 0e 
08 0b 20 24 1a 
08 0b 20 24 24 
08 0b 20 24 25 
08 0b 20 24 26 
08 0b 20 25 01 
08 0b 20 25 02 
08 0b 20 25 0a 
08 0b 20 25 1a 
08 0b 20 
08 0b 27 02 01 
08 0b 27 02 11 
08 0b 27 02 16 
08 0b 27 02 19 
08 0b 27 02 1f 
08 0b 27 02 22 
08 0b 27 02 24 
08 0b 27 04 02 
08 0b 27 04 10 
08 0b 27 04 16 
08 0b 27 04 
08 0b 27 08 00 
08 0b 27 08 08 
08 0b 27 08 0a 
08 0b 27 08 0b 
08 0b 27 08 0c 
08 0b 27 08 0e 
08 0b 27 08 17 
08 0b 27 08 18 
08 0b 27 08 1a 
08 0b 27 08 1f 
08 0b 27 08 20 
08 0b 27 08 22 
08 0b 27 08 24 
08 0b 27 0c 00 
08 0b 27 0c 02 
08 0b 27 0c 08 
08 0b 27 0c 0c 
08 0b 27 0c 0e 
08 0b 27 0c 11 
08 0b 27 0c 16 
08 0b 27 0c 17 
08 0b 27 0c 18 
08 0b 27 0c 1f 
08 0b 27 0c 23 
08 0b 27 0c 24 
08 0b 27 0d 08 
08 0b 27 0d 0b 
08 0b 27 0d 0c 
08 0b 27 0d 0e 
08 0b 27 0d 10 
08 0b 27 0d 11 
08 0b 27 0d 18 
08 0b 27 0d 1a 
08 0b 27 0d 1f 
08 0b 27 0d 20 
08 0b 27 0d 22 
08 0b 27 0d 23 
08 0b 27 0d 24 
08 0b 27 0e 02 
08 0b 27 0e 0a 
08 0b 27 0e 0e 
08 0b 27 0e 10 
08 0b 27 0e 11 
08 0b 27 0e 17 
08 0b 27 0e 19 
08 0b 27 0e 1f 
08 0b 27 0e 20 
08 0b 27 0e 22 
08 0b 27 0f 0b 
08 0b 27 0f 0c 
08 0b 27 0f 0e 
08 0b 27 0f 18 
08 0b 27 0f 1a 
08 0b 27 0f 22 
08 0b 27 0f 23 
08 0b 27 0f 24 
08 0b 27 13 01 
08 0b 27 13 08 
08 0b 27 13 09 
08 0b 27 13 0c 
08 0b 27 13 0e 
08 0b 27 13 10 
08 0b 27 13 11 
08 0b 27 13 16 
08 0b 27 13 18 
08 0b 27 13 1a 
08 0b 27 13 20 
08 0b 27 13 22 
08 0b 27 13 23 
08 0b 27 13 24 
08 0b 27 14 01 
08 0b 27 14 02 
08 0b 27 14 16 
08 0b 27 14 
08 0b 27 16 00 
08 0b 27 16 01 
08 0b 27 16 0c 
08 0b 27 16 0e 
08 0b 27 16 11 
08 0b 27 16 1a 
08 0b 27 16 1f 
08 0b 27 1b 08 
08 0b 27 1b 0a 
08 0b 27 1b 0e 
08 0b 27 1b 10 
08 0b 27 1b 11 
08 0b 27 1b 1a 
08 0b 27 1b 1f 
08 0b 27 1b 20 
08 0b 27 1b 22 
08 0b 27 1b 23 
08 0b 27 1c 20 
08 0b 27 1c 22 
08 0b 27 1c 
08 0b 27 1d 02 
08 0b 27 1d 16 
08 0b 27 1d 1f 
08 0b 27 24 01 
08 0b 27 24 08 
08 0b 27 24 0b 
08 0b 27 24 0c 
08 0b 27 24 0e 
08 0b 27 24 11 
08 0b 27 24 16 
08 0b 27 24 17 
08 0b 27 24 18 
08 0b 27 24 19 
08 0b 27 24 1a 
08 0b 27 24 1f 
08 0b 27 24 20 
08 0b 27 24 22 
08 0b 27 24 23 
08 0b 27 24 24 
08 0b 27 25 11 
08 0b 27 25 18 
08 0b 27 25 1f 
08 0b 27 25 22 
08 0b 27 25 24 
08 0b 27 25 
08 0b 27 
08 0d 00 02 02 
08 0d 00 02 0a 
08 0d 00 02 11 
08 0d 00 02 18 
08 0d 00 02 19 
08 0d 00 02 20 
08 0d 00 02 27 
08 0d 00 09 00 
08 0d 00 09 02 
08 0d 00 09 03 
08 0d 00 09 04 
08 0d 00 09 0b 
08 0d 00 09 0c 
08 0d 00 09 0e 
08 0d 00 09 16 
08 0d 00 09 18 
08 0d 00 09 19 
08 0d 00 09 20 
08 0d 00 09 27 
08 0d 00 0b 00 
08 0d 00 0b 02 
08 0d 00 0b 03 
08 0d 00 0b 04 
08 0d 00 0b 08 
08 0d 00 0b 0a 
08 0d 00 0b 0e 
08 0d 00 0b 10 
08 0d 00 0b 11 
08 0d 00 0b 16 
08 0d 00 13 04 
08 0d 00 13 08 
08 0d 00 13 09 
08 0d 00 13 0a 
08 0d 00 13 0b 
08 0d 00 13 0c 
08 0d 00 13 10 
08 0d 00 13 11 
08 0d 00 13 18 
08 0d 00 13 20 
08 0d 00 14 02 
08 0d 00 14 09 
08 0d 00 14 20 
08 0d 00 14 
08 0d 00 16 02 
08 0d 00 16 09 
08 0d 00 16 0a 
08 0d 00 16 0c 
08 0d 00 16 11 
08 0d 00 1b 02 
08 0d 00 1b 03 
08 0d 00 1b 04 
08 0d 00 1b 08 
08 0d 00 1b 0a 
08 0d 00 1b 0b 
08 0d 00 1b 0c 
08 0d 00 1b 11 
08 0d 00 1b 16 
08 0d 00 1b 17 
08 0d 00 1b 18 
08 0d 00 1b 19 
08 0d 00 1b 1f 
08 0d 00 1b 20 
08 0d 00 1b 27 
08 0d 00 1c 20 
08 0d 00 1d 02 
08 0d 00 1d 0a 
08 0d 00 1d 11 
08 0d 00 1d 16 
08 0d 00 1d 17 
08 0d 00 1d 18 
08 0d 00 1d 20 
08 0d 00 1d 27 
08 0d 00 25 02 
08 0d 00 25 04 
08 0d 00 25 16 
08 0d 00 25 17 
08 0d 00 25 19 
08 0d 00 25 1f 
08 0d 00 25 20 
08 0d 01 02 00 
08 0d 01 02 04 
08 0d 01 02 0a 
08 0d 01 02 0b 
08 0d 01 02 0c 
08 0d 01 02 0d 
08 0d 01 02 0f 
08 0d 01 02 11 
08 0d 01 02 17 
08 0d 01 02 18 
08 0d 01 02 20 
08 0d 01 09 00 
08 0d 01 09 04 
08 0d 01 09 05 
08 0d 01 09 06 
08 0d 01 09 07 
08 0d 01 09 0a 
08 0d 01 09 0b 
08 0d 01 09 0c 
08 0d 01 09 0d 
08 0d 01 09 17 
08 0d 01 09 18 
08 0d 01 09 20 
08 0d 01 0b 00 
08 0d 01 0b 04 
08 0d 01 0b 05 
08 0d 01 0b 06 
08 0d 01 0b 07 
08 0d 01 0b 08 
08 0d 01 0b 0a 
08 0d 01 0b 0d 
08 0d 01 0b 0e 
08 0d 01 0b 10 
08 0d 01 0b 11 
08 0d 01 0b 16 
08 0d 01 0b 18 
08 0d 01 0b 27 
08 0d 01 0b 
08 0d 01 0c 00 
08 0d 01 0c 04 
08 0d 01 0c 05 
08 0d 01 0c 06 
08 0d 01 0c 07 
08 0d 01 0c 08 
08 0d 01 0c 0a 
08 0d 01 0c 0c 
08 0d 01 0c 0d 
08 0d 01 0c 0e 
08 0d 01 0c 18 
08 0d 01 0c 20 
08 0d 01 13 00 
08 0d 01 13 09 
08 0d 01 13 0d 
08 0d 01 13 10 
08 0d 01 13 17 
08 0d 01 13 27 
08 0d 01 14 00 
08 0d 01 14 07 
08 0d 01 14 08 
08 0d 01 14 09 
08 0d 01 14 0a 
08 0d 01 14 0c 
08 0d 01 14 0d 
08 0d 01 14 11 
08 0d 01 14 16 
08 0d 01 14 19 
08 0d 01 14 27 
08 0d 01 14 
08 0d 01 16 00 
08 0d 01 16 04 
08 0d 01 16 09 
08 0d 01 16 0a 
08 0d 01 16 0b 
08 0d 01 16 0c 
08 0d 01 16 0d 
08 0d 01 16 10 
08 0d 01 16 16 
08 0d 01 16 17 
08 0d 01 16 18 
08 0d 01 16 1f 
08 0d 01 16 20 
08 0d 01 1b 04 
08 0d 01 1b 05 
08 0d 01 1b 06 
08 0d 01 1b 07 
08 0d 01 1b 0a 
08 0d 01 1b 0b 
08 0d 01 1b 0d 
08 0d 01 1b 11 
08 0d 01 1b 17 
08 0d 01 1b 18 
08 0d 01 1b 1f 
08 0d 01 1b 20 
08 0d 01 1b 27 
08 0d 01 1c 00 
08 0d 01 1c 0d 
08 0d 01 1c 19 
08 0d 01 1c 
08 0d 01 1d 00 
08 0d 01 1d 05 
08 0d 01 1d 0a 
08 0d 01 1d 0d 
08 0d 01 1d 10 
08 0d 01 1d 11 
08 0d 01 1d 16 
08 0d 01 1d 17 
08 0d 01 1d 18 
08 0d 01 24 04 
08 0d 01 24 06 
08 0d 01 24 07 
08 0d 01 24 08 
08 0d 01 24 0a 
08 0d 01 24 0c 
08 0d 01 24 0d 
08 0d 01 24 10 
08 0d 01 24 16 
08 0d 01 24 17 
08 0d 01 24 18 
08 0d 01 24 1f 
08 0d 01 25 00 
08 0d 01 25 04 
08 0d 01 25 05 
08 0d 01 25 06 
08 0d 01 25 07 
08 0d 01 25 0d 
08 0d 01 25 10 
08 0d 01 25 16 
08 0d 01 25 17 
08 0d 01 25 18 
08 0d 01 25 19 
08 0d 01 25 1f 
08 0d 01 25 20 
08 0d 01 25 27 
08 0d 01 25 
08 0d 01 
08 0d 02 02 01 
08 0d 02 02 0a 
08 0d 02 02 19 
08 0d 02 02 20 
08 0d 02 02 27 
08 0d 02 09 00 
08 0d 02 09 01 
08 0d 02 09 06 
08 0d 02 09 07 
08 0d 02 09 0a 
08 0d 02 09 0b 
08 0d 02 09 0c 
08 0d 02 09 0d 
08 0d 02 09 0e 
08 0d 02 09 10 
08 0d 02 09 17 
08 0d 02 09 18 
08 0d 02 09 1f 
08 0d 02 0b 01 
08 0d 02 0b 06 
08 0d 02 0b 07 
08 0d 02 0b 0a 
08 0d 02 0b 0e 
08 0d 02 0b 10 
08 0d 02 0b 11 
08 0d 02 0b 27 
08 0d 02 0b 
08 0d 02 0c 00 
08 0d 02 0c 01 
08 0d 02 0c 07 
08 0d 02 0c 08 
08 0d 02 0c 0a 
08 0d 02 0c 0b 
08 0d 02 0c 0c 
08 0d 02 0c 0d 
08 0d 02 0c 0e 
08 0d 02 0c 17 
08 0d 02 0c 18 
08 0d 02 13 00 
08 0d 02 13 01 
08 0d 02 13 06 
08 0d 02 13 07 
08 0d 02 13 08 
08 0d 02 13 0a 
08 0d 02 13 0b 
08 0d 02 13 0d 
08 0d 02 13 10 
08 0d 02 13 17 
08 0d 02 13 18 
08 0d 02 13 19 
08 0d 02 13 1f 
08 0d 02 13 27 
08 0d 02 14 0a 
08 0d 02 14 11 
08 0d 02 14 19 
08 0d 02 14 20 
08 0d 02 14 27 
08 0d 02 14 
08 0d 02 16 0a 
08 0d 02 16 0b 
08 0d 02 16 0d 
08 0d 02 16 19 
08 0d 02 16 27 
08 0d 02 1b 00 
08 0d 02 1b 01 
08 0d 02 1b 06 
08 0d 02 1b 07 
08 0d 02 1b 0a 
08 0d 02 1b 0b 
08 0d 02 1b 0d 
08 0d 02 1b 10 
08 0d 02 1b 17 
08 0d 02 1b 18 
08 0d 02 1b 19 
08 0d 02 1b 1f 
08 0d 02 1b 20 
08 0d 02 1b 27 
08 0d 02 1c 19 
08 0d 02 1c 20 
08 0d 02 1c 
08 0d 02 1d 06 
08 0d 02 1d 07 
08 0d 02 1d 0a 
08 0d 02 1d 10 
08 0d 02 1d 17 
08 0d 02 1d 20 
08 0d 02 1d 27 
08 0d 02 24 11 
08 0d 02 24 
08 0d 02 25 01 
08 0d 02 25 06 
08 0d 02 25 07 
08 0d 02 25 10 
08 0d 02 25 17 
08 0d 02 25 18 
08 0d 02 25 19 
08 0d 02 25 1f 
08 0d 02 25 20 
08 0d 02 25 27 
08 0d 02 
08 0d 08 03 17 
08 0d 08 03 18 
08 0d 08 03 20 
08 0d 08 03 
08 0d 08 0a 00 
08 0d 08 0a 01 
08 0d 08 0a 02 
08 0d 08 0a 0d 
08 0d 08 0a 10 
08 0d 08 0a 16 
08 0d 08 0a 17 
08 0d 08 0a 1f 
08 0d 08 0a 27 
08 0d 08 0a 
08 0d 08 0b 00 
08 0d 08 0b 01 
08 0d 08 0b 0b 
08 0d 08 0b 0d 
08 0d 08 0b 10 
08 0d 08 0b 16 
08 0d 08 0b 
08 0d 08 0c 01 
08 0d 08 0c 02 
08 0d 08 0c 0b 
08 0d 08 0c 0c 
08 0d 08 0c 0d 
08 0d 08 0c 10 
08 0d 08 0c 11 
08 0d 08 0c 16 
08 0d 08 0c 17 
08 0d 08 0c 18 
08 0d 08 0c 19 
08 0d 08 0c 20 
08 0d 08 0c 27 
08 0d 08 0c 
08 0d 08 13 00 
08 0d 08 13 02 
08 0d 08 13 0a 
08 0d 08 13 0b 
08 0d 08 13 0c 
08 0d 08 13 10 
08 0d 08 13 11 
08 0d 08 13 16 
08 0d 08 13 17 
08 0d 08 13 18 
08 0d 08 13 19 
08 0d 08 13 1f 
08 0d 08 13 20 
08 0d 08 13 27 
08 0d 08 14 01 
08 0d 08 14 20 
08 0d 08 14 
08 0d 08 15 17 
08 0d 08 15 18 
08 0d 08 15 20 
08 0d 08 1b 00 
08 0d 08 1b 10 
08 0d 08 1b 11 
08 0d 08 1b 17 
08 0d 08 1b 19 
08 0d 08 1b 1f 
08 0d 08 1b 20 
08 0d 08 1b 
08 0d 08 1d 10 
08 0d 08 1d 20 
08 0d 08 1d 
08 0d 0a 02 00 
08 0d 0a 02 01 
08 0d 0a 02 02 
08 0d 0a 02 10 
08 0d 0a 02 11 
08 0d 0a 02 16 
08 0d 0a 02 18 
08 0d 0a 02 19 
08 0d 0a 02 1f 
08 0d 0a 02 20 
08 0d 0a 03 18 
08 0d 0a 03 19 
08 0d 0a 03 20 
08 0d 0a 03 
08 0d 0a 09 01 
08 0d 0a 09 02 
08 0d 0a 09 0c 
08 0d 0a 09 0d 
08 0d 0a 09 0e 
08 0d 0a 09 11 
08 0d 0a 09 16 
08 0d 0a 09 18 
08 0d 0a 09 19 
08 0d 0a 09 20 
08 0d 0a 0a 00 
08 0d 0a 0a 01 
08 0d 0a 0a 02 
08 0d 0a 0a 0c 
08 0d 0a 0a 0d 
08 0d 0a 0a 11 
08 0d 0a 0a 16 
08 0d 0a 0a 17 
08 0d 0a 0a 19 
08 0d 0a 0b 00 
08 0d 0a 0b 01 
08 0d 0a 0b 02 
08 0d 0a 0b 0d 
08 0d 0a 0b 0e 
08 0d 0a 0b 10 
08 0d 0a 0b 11 
08 0d 0a 0b 16 
08 0d 0a 0b 18 
08 0d 0a 0b 27 
08 0d 0a 0b 
08 0d 0a 0c 01 
08 0d 0a 0c 02 
08 0d 0a 0c 0c 
08 0d 0a 0c 0d 
08 0d 0a 0c 0e 
08 0d 0a 0c 10 
08 0d 0a 0c 11 
08 0d 0a 0c 16 
08 0d 0a 0c 17 
08 0d 0a 0c 18 
08 0d 0a 0c 19 
08 0d 0a 0c 1f 
08 0d 0a 0c 20 
08 0d 0a 0c 27 
08 0d 0a 0c 
08 0d 0a 13 00 
08 0d 0a 13 02 
08 0d 0a 13 0d 
08 0d 0a 13 0e 
08 0d 0a 13 10 
08 0d 0a 13 11 
08 0d 0a 13 16 
08 0d 0a 13 17 
08 0d 0a 13 18 
08 0d 0a 13 19 
08 0d 0a 13 1f 
08 0d 0a 14 01 
08 0d 0a 14 02 
08 0d 0a 14 16 
08 0d 0a 14 19 
08 0d 0a 14 20 
08 0d 0a 14 27 
08 0d 0a 14 
08 0d 0a 15 17 
08 0d 0a 15 18 
08 0d 0a 15 19 
08 0d 0a 15 20 
08 0d 0a 16 00 
08 0d 0a 16 01 
08 0d 0a 16 02 
08 0d 0a 16 0c 
08 0d 0a 16 10 
08 0d 0a 16 11 
08 0d 0a 16 16 
08 0d 0a 16 18 
08 0d 0a 16 19 
08 0d 0a 16 1f 
08 0d 0a 16 20 
08 0d 0a 1c 10 
08 0d 0a 1c 19 
08 0d 0a 1c 
08 0d 0a 1d 01 
08 0d 0a 1d 02 
08 0d 0a 1d 0e 
08 0d 0a 1d 0f 
08 0d 0a 1d 16 
08 0d 0a 1d 17 
08 0d 0a 1d 18 
08 0d 0a 1d 20 
08 0d 0a 1d 27 
08 0d 0a 25 0e 
08 0d 0a 25 19 
08 0d 0a 25 
08 0d 0a 
08 0d 0b 02 01 
08 0d 0b 02 08 
08 0d 0b 02 1f 
08 0d 0b 02 27 
08 0d 0b 02 
08 0d 0b 03 1f 
08 0d 0b 03 
08 0d 0b 09 00 
08 0d 0b 09 01 
08 0d 0b 09 02 
08 0d 0b 09 08 
08 0d 0b 09 0c 
08 0d 0b 09 0d 
08 0d 0b 09 0e 
08 0d 0b 09 0f 
08 0d 0b 09 10 
08 0d 0b 09 16 
08 0d 0b 09 18 
08 0d 0b 09 19 
08 0d 0b 09 1f 
08 0d 0b 09 20 
08 0d 0b 09 27 
08 0d 0b 09 
08 0d 0b 0a 08 
08 0d 0b 0a 0e 
08 0d 0b 0a 10 
08 0d 0b 0a 18 
08 0d 0b 0a 1f 
08 0d 0b 0a 27 
08 0d 0b 0a 
08 0d 0b 0b 00 
08 0d 0b 0b 08 
08 0d 0b 0b 0f 
08 0d 0b 0b 10 
08 0d 0b 0b 
08 0d 0b 0c 01 
08 0d 0b 0c 08 
08 0d 0b 0c 0c 
08 0d 0b 0c 0e 
08 0d 0b 0c 0f 
08 0d 0b 0c 27 
08 0d 0b 0c 
08 0d 0b 13 00 
08 0d 0b 13 01 
08 0d 0b 13 02 
08 0d 0b 13 08 
08 0d 0b 13 0c 
08 0d 0b 13 0e 
08 0d 0b 13 0f 
08 0d 0b 13 10 
08 0d 0b 13 16 
08 0d 0b 13 19 
08 0d 0b 13 1f 
08 0d 0b 13 20 
08 0d 0b 13 27 
08 0d 0b 13 
08 0d 0b 14 08 
08 0d 0b 14 
08 0d 0b 15 0e 
08 0d 0b 15 18 
08 0d 0b 15 27 
08 0d 0b 15 
08 0d 0b 16 01 
08 0d 0b 16 02 
08 0d 0b 16 08 
08 0d 0b 16 0c 
08 0d 0b 16 16 
08 0d 0b 16 19 
08 0d 0b 16 1f 
08 0d 0b 16 20 
08 0d 0b 16 
08 0d 0b 1b 00 
08 0d 0b 1b 01 
08 0d 0b 1b 02 
08 0d 0b 1b 08 
08 0d 0b 1b 0c 
08 0d 0b 1b 0e 
08 0d 0b 1b 0f 
08 0d 0b 1b 10 
08 0d 0b 1b 11 
08 0d 0b 1b 16 
08 0d 0b 1b 17 
08 0d 0b 1b 18 
08 0d 0b 1b 19 
08 0d 0b 1b 20 
08 0d 0b 1b 27 
08 0d 0b 1b 
08 0d 0b 1c 19 
08 0d 0b 1c 20 
08 0d 0b 1c 
08 0d 0b 1d 08 
08 0d 0b 1d 0f 
08 0d 0b 1d 
08 0d 0b 25 0f 
08 0d 0b 25 
08 0d 0c 02 01 
08 0d 0c 02 09 
08 0d 0c 02 20 
08 0d 0c 02 27 
08 0d 0c 02 
08 0d 0c 03 18 
08 0d 0c 03 20 
08 0d 0c 03 
08 0d 0c 09 00 
08 0d 0c 09 01 
08 0d 0c 09 08 
08 0d 0c 09 09 
08 0d 0c 09 0f 
08 0d 0c 09 10 
08 0d 0c 09 11 
08 0d 0c 09 17 
08 0d 0c 09 18 
08 0d 0c 09 19 
08 0d 0c 09 1f 
08 0d 0c 09 20 
08 0d 0c 09 27 
08 0d 0c 09 
08 0d 0c 0a 00 
08 0d 0c 0a 01 
08 0d 0c 0a 0f 
08 0d 0c 0a 17 
08 0d 0c 0a 20 
08 0d 0c 0a 27 
08 0d 0c 0a 
08 0d 0c 0b 00 
08 0d 0c 0b 09 
08 0d 0c 0b 0f 
08 0d 0c 0b 10 
08 0d 0c 0b 
08 0d 0c 0c 08 
08 0d 0c 0c 09 
08 0d 0c 0c 10 
08 0d 0c 0c 17 
08 0d 0c 0c 18 
08 0d 0c 0c 19 
08 0d 0c 0c 20 
08 0d 0c 0c 27 
08 0d 0c 0c 
08 0d 0c 13 00 
08 0d 0c 13 08 
08 0d 0c 13 09 
08 0d 0c 13 0f 
08 0d 0c 13 10 
08 0d 0c 13 11 
08 0d 0c 13 17 
08 0d 0c 13 18 
08 0d 0c 13 19 
08 0d 0c 13 1f 
08 0d 0c 13 20 
08 0d 0c 13 27 
08 0d 0c 14 01 
08 0d 0c 14 20 
08 0d 0c 14 
08 0d 0c 15 18 
08 0d 0c 15 20 
08 0d 0c 16 00 
08 0d 0c 16 01 
08 0d 0c 16 09 
08 0d 0c 16 11 
08 0d 0c 16 19 
08 0d 0c 16 20 
08 0d 0c 16 27 
08 0d 0c 16 
08 0d 0c 1b 00 
08 0d 0c 1b 0f 
08 0d 0c 1b 10 
08 0d 0c 1b 11 
08 0d 0c 1b 17 
08 0d 0c 1b 19 
08 0d 0c 1b 20 
08 0d 0c 1b 
08 0d 0c 1d 10 
08 0d 0c 1d 20 
08 0d 0c 1d 
08 0d 0d 02 01 
08 0d 0d 02 0a 
08 0d 0d 02 10 
08 0d 0d 02 11 
08 0d 0d 02 16 
08 0d 0d 03 01 
08 0d 0d 03 18 
08 0d 0d 03 20 
08 0d 0d 03 
08 0d 0d 09 01 
08 0d 0d 09 02 
08 0d 0d 09 08 
08 0d 0d 09 09 
08 0d 0d 09 0a 
08 0d 0d 09 0b 
08 0d 0d 09 0c 
08 0d 0d 09 16 
08 0d 0d 09 18 
08 0d 0d 09 27 
08 0d 0d 0a 00 
08 0d 0d 0a 01 
08 0d 0d 0a 02 
08 0d 0d 0a 08 
08 0d 0d 0a 0a 
08 0d 0d 0a 0c 
08 0d 0d 0a 11 
08 0d 0d 0a 16 
08 0d 0d 0a 17 
08 0d 0d 0a 18 
08 0d 0d 0a 27 
08 0d 0d 0b 