01 03 00 00 0f 
01 03 00 00 10 
01 03 00 00 20 
01 03 00 04 10 
01 03 00 06 09 
01 03 00 07 18 
01 03 00 07 1f 
01 03 00 0c 09 
01 03 00 0c 10 
01 03 00 0e 10 
01 03 00 15 1f 
01 03 04 04 10 
01 03 04 06 27 
01 03 04 07 1f 
01 03 04 0c 09 
01 03 04 0c 18 
01 03 04 0c 19 
01 03 04 0c 20 
01 03 04 0d 19 
01 03 04 0d 20 
01 03 04 0e 1f 
01 03 04 1b 10 
01 03 04 1c 10 
01 03 04 1d 1f 
01 03 04 24 18 
01 03 04 24 19 
01 03 04 24 20 
01 03 05 14 
01 03 05 1d 
01 03 06 00 1f 
01 03 06 06 1f 
01 03 06 07 1f 
01 03 06 0c 10 
01 03 06 0e 10 
01 03 06 14 
01 03 07 00 10 
01 03 07 04 10 
01 03 07 0b 0f 
01 03 07 0b 1f 
01 03 07 0c 0f 
01 03 07 0c 10 
01 03 07 0c 18 
01 03 07 0c 20 
01 03 07 0d 0f 
01 03 07 0d 10 
01 03 07 0d 11 
01 03 07 0d 17 
01 03 07 0e 0f 
01 03 07 15 09 
01 03 07 15 17 
01 03 07 15 27 
01 03 07 1b 10 
01 03 08 00 11 
01 03 08 00 1f 
01 03 08 06 1f 
01 03 08 0e 19 
01 03 08 0e 1f 
01 03 08 13 16 
01 03 08 13 18 
01 03 08 13 19 
01 03 08 13 27 
01 03 08 1b 1f 
01 03 08 1d 19 
01 03 08 24 20 
01 03 08 25 1f 
01 03 09 06 00 
01 03 09 06 0f 
01 03 09 07 0c 
01 03 09 07 0f 
01 03 09 07 17 
01 03 09 07 19 
01 03 09 0c 00 
01 03 09 0c 10 
01 03 09 0c 11 
01 03 09 0c 1f 
01 03 09 0c 27 
01 03 09 0e 0e 
01 03 09 0e 10 
01 03 09 0e 16 
01 03 09 0e 1f 
01 03 09 13 00 
01 03 09 13 10 
01 03 09 13 1f 
01 03 09 1c 10 
01 03 09 24 10 
01 03 09 24 27 
01 03 0e 07 08 
01 03 0e 07 20 
01 03 0e 0b 10 
01 03 0e 0c 27 
01 03 0e 13 18 
01 03 0e 13 27 
01 03 0e 1d 
01 03 0e 24 27 
01 03 0f 00 16 
01 03 0f 00 1f 
01 03 0f 04 10 
01 03 0f 04 18 
01 03 0f 06 10 
01 03 0f 07 08 
01 03 0f 07 0a 
01 03 0f 07 10 
01 03 0f 07 18 
01 03 0f 0b 07 
01 03 0f 0b 18 
01 03 0f 0c 07 
01 03 0f 0c 10 
01 03 0f 0c 18 
01 03 0f 0c 1f 
01 03 0f 0d 07 
01 03 0f 0e 07 
01 03 0f 0e 10 
01 03 0f 0e 1f 
01 03 0f 15 0c 
01 03 0f 15 27 
01 03 0f 1c 10 
01 03 0f 1c 1f 
01 03 10 00 00 
01 03 10 00 19 
01 03 10 00 20 
01 03 10 04 00 
01 03 10 04 07 
01 03 10 04 0f 
01 03 10 04 27 
01 03 10 05 04 
01 03 10 05 0f 
01 03 10 05 15 
01 03 10 05 18 
01 03 10 06 0a 
01 03 10 06 0f 
01 03 10 06 18 
01 03 10 06 1e 
01 03 10 07 04 
01 03 10 07 08 
01 03 10 07 0a 
01 03 10 07 0f 
01 03 10 07 18 
01 03 10 07 1e 
01 03 10 0c 00 
01 03 10 0c 06 
01 03 10 0c 07 
01 03 10 0c 0f 
01 03 10 0c 18 
01 03 10 0c 19 
01 03 10 0c 1e 
01 03 10 0c 20 
01 03 10 0d 07 
01 03 10 0d 19 
01 03 10 0d 1f 
01 03 10 0d 20 
01 03 10 0e 00 
01 03 10 0e 06 
01 03 10 0e 09 
01 03 10 0e 0f 
01 03 10 0e 12 
01 03 10 0e 18 
01 03 10 0e 19 
01 03 10 0e 1e 
01 03 10 0e 20 
01 03 10 13 08 
01 03 10 13 09 
01 03 10 13 0f 
01 03 10 13 16 
01 03 10 13 19 
01 03 10 13 1e 
01 03 10 15 00 
01 03 10 15 06 
01 03 10 15 08 
01 03 10 15 09 
01 03 10 15 0f 
01 03 10 1b 04 
01 03 10 1b 07 
01 03 10 1c 04 
01 03 10 1c 09 
01 03 10 1c 0f 
01 03 10 1c 15 
01 03 10 1c 19 
01 03 10 1c 20 
01 03 10 24 04 
01 03 10 24 06 
01 03 10 24 09 
01 03 10 24 16 
01 03 10 24 19 
01 03 10 24 1e 
01 03 10 24 1f 
01 03 10 25 27 
01 03 11 06 10 
01 03 11 07 16 
01 03 11 0d 07 
01 03 11 0d 10 
01 03 17 05 09 
01 03 17 05 11 
01 03 17 05 20 
01 03 17 05 27 
01 03 17 07 09 
01 03 17 07 18 
01 03 17 07 20 
01 03 17 07 27 
01 03 17 0b 12 
01 03 17 0b 18 
01 03 17 0d 07 
01 03 17 0d 11 
01 03 17 0d 18 
01 03 17 0d 27 
01 03 17 0e 
01 03 17 15 12 
01 03 17 25 09 
01 03 18 04 0f 
01 03 18 04 27 
01 03 18 05 1e 
01 03 18 06 10 
01 03 18 06 11 
01 03 18 06 12 
01 03 18 07 00 
01 03 18 07 0f 
01 03 18 07 10 
01 03 18 07 17 
01 03 18 0b 0f 
01 03 18 0b 17 
01 03 18 0c 04 
01 03 18 0c 10 
01 03 18 0d 11 
01 03 18 0d 12 
01 03 18 0d 17 
01 03 18 0e 10 
01 03 19 00 09 
01 03 19 00 10 
01 03 19 00 11 
01 03 19 05 10 
01 03 19 05 1f 
01 03 19 06 18 
01 03 19 07 09 
01 03 19 07 18 
01 03 19 07 1e 
01 03 19 0b 09 
01 03 19 0c 04 
01 03 19 0c 10 
01 03 19 0d 04 
01 03 19 0d 10 
01 03 19 0e 10 
01 03 19 13 08 
01 03 19 13 1f 
01 03 19 15 27 
01 03 19 1c 08 
01 03 19 1c 10 
01 03 19 1c 1f 
01 03 19 1d 08 
01 03 19 24 04 
01 03 19 24 10 
01 03 1f 00 08 
01 03 1f 00 0f 
01 03 1f 06 06 
01 03 1f 06 08 
01 03 1f 06 19 
01 03 1f 06 1a 
01 03 1f 06 20 
01 03 1f 07 00 
01 03 1f 07 06 
01 03 1f 07 11 
01 03 1f 07 19 
01 03 1f 07 1a 
01 03 1f 0b 07 
01 03 1f 0c 09 
01 03 1f 0c 19 
01 03 1f 0c 20 
01 03 1f 0d 10 
01 03 1f 0e 04 
01 03 1f 0e 09 
01 03 1f 0e 0f 
01 03 1f 0e 19 
01 03 1f 13 06 
01 03 1f 13 09 
01 03 1f 13 19 
01 03 1f 13 20 
01 03 1f 15 00 
01 03 1f 1b 08 
01 03 1f 1c 08 
01 03 1f 24 10 
01 03 1f 24 19 
01 03 1f 25 08 
01 03 1f 
01 03 20 00 09 
01 03 20 00 10 
01 03 20 00 1f 
01 03 20 05 10 
01 03 20 07 00 
01 03 20 07 06 
01 03 20 07 07 
01 03 20 07 0e 
01 03 20 07 0f 
01 03 20 07 26 
01 03 20 0c 04 
01 03 20 0c 07 
01 03 20 0c 10 
01 03 20 0c 1f 
01 03 20 0d 04 
01 03 20 0d 10 
01 03 20 0e 10 
01 03 20 13 1f 
01 03 20 13 27 
01 03 20 14 
01 03 20 1c 10 
01 03 20 24 04 
01 03 20 24 08 
01 03 27 07 11 
01 03 27 07 17 
01 03 27 0c 06 
01 03 27 0d 17 
01 03 27 13 08 
01 03 27 13 0e 
01 03 27 15 1f 
01 03 27 1b 1a 
01 03 27 1c 10 
01 03 27 24 09 
01 03 27 24 0e 
01 03 27 24 1a 
01 03 27 25 10 
01 04 00 00 18 
01 04 00 00 1f 
01 04 00 01 0f 
01 04 00 01 10 
01 04 00 01 20 
01 04 00 0b 0f 
01 04 00 0b 10 
01 04 00 0c 09 
01 04 00 0c 10 
01 04 00 0c 27 
01 04 00 0d 09 
01 04 00 0d 0f 
01 04 00 0d 10 
01 04 00 0d 1f 
01 04 00 0d 27 
01 04 00 0e 0f 
01 04 00 0e 1f 
01 04 00 0e 27 
01 04 00 13 1f 
01 04 00 13 20 
01 04 00 1c 1f 
01 04 00 1d 17 
01 04 00 25 0f 
01 04 00 25 1f 
01 04 04 00 10 
01 04 04 00 27 
01 04 04 01 10 
01 04 04 0b 10 
01 04 04 0c 10 
01 04 04 0e 10 
01 04 04 15 08 
01 04 04 1b 08 
01 04 04 1d 10 
01 04 04 1d 18 
01 04 04 24 10 
01 04 05 00 20 
01 04 05 0c 20 
01 04 05 0e 20 
01 04 06 01 1f 
01 04 06 0c 20 
01 04 06 0d 20 
01 04 06 0e 1f 
01 04 06 0e 20 
01 04 06 15 20 
01 04 06 1d 10 
01 04 07 01 09 
01 04 07 01 20 
01 04 07 0b 27 
01 04 07 0c 10 
01 04 07 0c 11 
01 04 07 0c 18 
01 04 07 0d 10 
01 04 07 0d 11 
01 04 07 0d 18 
01 04 07 0e 09 
01 04 07 0e 10 
01 04 07 0e 18 
01 04 07 15 0f 
01 04 07 15 17 
01 04 07 15 27 
01 04 07 1b 10 
01 04 07 1d 27 
01 04 07 
01 04 08 00 0e 
01 04 08 00 10 
01 04 08 00 11 
01 04 08 00 16 
01 04 08 01 1f 
01 04 08 02 0d 
01 04 08 02 11 
01 04 08 02 19 
01 04 08 02 27 
01 04 08 0b 19 
01 04 08 0d 19 
01 04 08 0d 1f 
01 04 08 0e 10 
01 04 08 0e 11 
01 04 08 0e 1f 
01 04 08 13 04 
01 04 08 13 11 
01 04 08 13 18 
01 04 08 13 1f 
01 04 08 13 27 
01 04 08 1b 04 
01 04 08 1b 0d 
01 04 08 1b 10 
01 04 08 1b 11 
01 04 08 24 11 
01 04 08 25 1f 
01 04 09 00 0c 
01 04 09 00 0f 
01 04 09 00 17 
01 04 09 00 19 
01 04 09 01 10 
01 04 09 02 0e 
01 04 09 0b 0e 
01 04 09 0c 00 
01 04 09 0c 07 
01 04 09 0c 0e 
01 04 09 0c 10 
01 04 09 0c 1f 
01 04 09 0d 00 
01 04 09 0d 10 
01 04 09 0e 07 
01 04 09 0e 0e 
01 04 09 0e 10 
01 04 09 0e 16 
01 04 09 0e 1f 
01 04 09 13 0e 
01 04 09 13 1f 
01 04 09 1b 10 
01 04 09 1b 27 
01 04 09 24 10 
01 04 09 24 27 
01 04 09 25 10 
01 04 09 25 27 
01 04 0f 01 10 
01 04 0f 01 1f 
01 04 0f 02 10 
01 04 0f 02 18 
01 04 0f 02 1f 
01 04 0f 0b 00 
01 04 0f 0c 00 
01 04 0f 0c 10 
01 04 0f 0c 18 
01 04 0f 0d 00 
01 04 0f 0d 10 
01 04 0f 0d 18 
01 04 0f 0e 00 
01 04 0f 0e 10 
01 04 0f 0e 18 
01 04 0f 0e 1f 
01 04 0f 15 18 
01 04 0f 15 27 
01 04 0f 1b 09 
01 04 0f 1b 10 
01 04 0f 1b 16 
01 04 0f 24 09 
01 04 0f 25 10 
01 04 0f 25 1f 
01 04 10 00 04 
01 04 10 00 08 
01 04 10 00 0a 
01 04 10 00 0f 
01 04 10 00 18 
01 04 10 00 1e 
01 04 10 01 00 
01 04 10 01 04 
01 04 10 01 06 
01 04 10 01 09 
01 04 10 01 0f 
01 04 10 01 15 
01 04 10 01 19 
01 04 10 01 1e 
01 04 10 0c 00 
01 04 10 0c 04 
01 04 10 0c 07 
01 04 10 0c 19 
01 04 10 0c 1e 
01 04 10 0c 1f 
01 04 10 0d 00 
01 04 10 0d 07 
01 04 10 0d 09 
01 04 10 0d 0f 
01 04 10 0d 19 
01 04 10 0d 1e 
01 04 10 0d 1f 
01 04 10 0d 20 
01 04 10 0e 04 
01 04 10 0e 07 
01 04 10 0e 09 
01 04 10 0e 0f 
01 04 10 0e 13 
01 04 10 0e 15 
01 04 10 0e 18 
01 04 10 0e 19 
01 04 10 0e 1e 
01 04 10 13 04 
01 04 10 13 09 
01 04 10 13 0f 
01 04 10 13 15 
01 04 10 13 19 
01 04 10 13 1e 
01 04 10 15 04 
01 04 10 15 09 
01 04 10 15 16 
01 04 10 15 19 
01 04 10 15 1e 
01 04 10 15 1f 
01 04 10 15 20 
01 04 10 1b 07 
01 04 10 1b 08 
01 04 10 1b 09 
01 04 10 1b 0f 
01 04 10 1b 16 
01 04 10 1b 18 
01 04 10 1b 1e 
01 04 10 1b 20 
01 04 10 1c 1e 
01 04 10 1c 1f 
01 04 10 1c 20 
01 04 10 24 09 
01 04 10 24 18 
01 04 10 24 19 
01 04 10 24 1e 
01 04 10 24 20 
01 04 10 25 09 
01 04 10 25 0f 
01 04 10 25 18 
01 04 10 25 19 
01 04 10 25 1e 
01 04 10 25 20 
01 04 10 
01 04 11 00 08 
01 04 11 00 1f 
01 04 11 00 27 
01 04 11 01 1f 
01 04 11 0c 07 
01 04 11 0d 07 
01 04 11 0e 10 
01 04 11 0e 1f 
01 04 11 13 08 
01 04 11 15 08 
01 04 11 15 27 
01 04 11 1b 08 
01 04 11 24 08 
01 04 17 0d 10 
01 04 17 0d 27 
01 04 17 0e 27 
01 04 17 1b 14 
01 04 17 1d 00 
01 04 17 24 07 
01 04 17 24 27 
01 04 18 00 00 
01 04 18 00 0f 
01 04 18 00 10 
01 04 18 00 17 
01 04 18 0c 20 
01 04 18 0d 0f 
01 04 18 0e 0f 
01 04 18 0e 10 
01 04 18 15 0f 
01 04 18 1b 0f 
01 04 18 1b 10 
01 04 18 24 10 
01 04 19 00 09 
01 04 19 00 18 
01 04 19 00 1e 
01 04 19 01 10 
01 04 19 0b 09 
01 04 19 0b 10 
01 04 19 0c 10 
01 04 19 0c 18 
01 04 19 0d 10 
01 04 19 0e 10 
01 04 19 15 27 
01 04 19 1c 08 
01 04 19 24 10 
01 04 19 25 10 
01 04 1f 00 06 
01 04 1f 00 08 
01 04 1f 00 19 
01 04 1f 00 1a 
01 04 1f 00 20 
01 04 1f 01 06 
01 04 1f 01 07 
01 04 1f 01 08 
01 04 1f 01 0f 
01 04 1f 01 11 
01 04 1f 01 12 
01 04 1f 01 19 
01 04 1f 0b 09 
01 04 1f 0b 10 
01 04 1f 0c 09 
01 04 1f 0c 10 
01 04 1f 0c 19 
01 04 1f 0c 1a 
01 04 1f 0d 00 
01 04 1f 0d 10 
01 04 1f 0d 19 
01 04 1f 0e 00 
01 04 1f 0e 06 
01 04 1f 0e 09 
01 04 1f 0e 0f 
01 04 1f 0e 11 
01 04 1f 0e 12 
01 04 1f 0e 19 
01 04 1f 0e 20 
01 04 1f 0e 26 
01 04 1f 13 08 
01 04 1f 13 09 
01 04 1f 13 12 
01 04 1f 13 19 
01 04 1f 13 20 
01 04 1f 13 26 
01 04 1f 15 19 
01 04 1f 15 20 
01 04 1f 1d 10 
01 04 1f 1d 20 
01 04 1f 24 19 
01 04 1f 25 08 
01 04 1f 25 0f 
01 04 1f 25 19 
01 04 20 00 0e 
01 04 20 00 17 
01 04 20 00 1a 
01 04 20 00 27 
01 04 20 01 1f 
01 04 20 01 27 
01 04 20 0b 00 
01 04 20 0b 07 
01 04 20 0b 0f 
01 04 20 0b 26 
01 04 20 0c 07 
01 04 20 0c 18 
01 04 20 0c 19 
01 04 20 0c 1a 
01 04 20 0d 07 
01 04 20 0d 10 
01 04 20 0d 19 
01 04 20 0e 08 
01 04 20 0e 09 
01 04 20 0e 19 
01 04 20 0e 1f 
01 04 20 0e 26 
01 04 20 13 1f 
01 04 20 13 26 
01 04 20 13 27 
01 04 20 14 00 
01 04 20 15 1f 
01 04 20 15 27 
01 04 20 1b 07 
01 04 20 1b 10 
01 04 20 1b 19 
01 04 20 1b 27 
01 04 20 1c 00 
01 04 20 1c 10 
01 04 20 1c 27 
01 04 20 1d 00 
01 04 20 24 10 
01 04 20 24 27 
01 04 20 25 10 
01 04 20 25 27 
01 04 27 00 08 
01 04 27 00 0e 
01 04 27 00 17 
01 04 27 00 21 
01 04 27 0b 07 
01 04 27 0c 00 
01 04 27 0d 00 
01 04 27 0d 17 
01 04 27 0e 00 
01 04 27 0e 17 
01 04 27 0e 21 
01 04 27 13 08 
01 04 27 15 00 
01 04 27 15 24 
01 04 27 1b 09 
01 04 27 1d 07 
01 04 27 24 09 
01 04 27 24 17 
01 04 27 25 09 
01 0b 00 02 10 
01 0b 00 04 0f 
01 0b 00 04 10 
01 0b 00 08 06 
01 0b 00 08 10 
01 0b 00 0c 09 
01 0b 00 0c 10 
01 0b 00 0f 18 
01 0b 00 0f 1f 
01 0b 00 13 18 
01 0b 00 14 
01 0b 00 16 18 
01 0b 00 1d 09 
01 0b 00 25 20 
01 0b 05 04 
01 0b 05 14 
01 0b 05 25 
01 0b 06 08 1f 
01 0b 06 0c 10 
01 0b 06 0f 1f 
01 0b 06 14 
01 0b 06 1b 01 
01 0b 06 25 
01 0b 07 03 0f 
01 0b 07 03 1f 
01 0b 07 04 27 
01 0b 07 08 10 
01 0b 07 0c 09 
01 0b 07 0c 10 
01 0b 07 0c 27 
01 0b 07 15 09 
01 0b 07 15 0f 
01 0b 07 15 10 
01 0b 07 15 17 
01 0b 07 16 09 
01 0b 07 16 27 
01 0b 07 1b 11 
01 0b 07 1b 17 
01 0b 07 1d 17 
01 0b 08 04 0b 
01 0b 08 0d 0c 
01 0b 08 0d 0d 
01 0b 08 0d 1f 
01 0b 08 0e 27 
01 0b 08 0f 10 
01 0b 08 0f 16 
01 0b 08 0f 1f 
01 0b 08 15 16 
01 0b 08 1b 16 
01 0b 08 1b 19 
01 0b 08 1b 27 
01 0b 08 1d 27 
01 0b 08 24 19 
01 0b 08 25 
01 0b 09 02 19 
01 0b 09 03 18 
01 0b 09 03 19 
01 0b 09 04 18 
01 0b 09 04 19 
01 0b 09 04 1f 
01 0b 09 0c 06 
01 0b 09 0c 16 
01 0b 09 0c 17 
01 0b 09 0f 04 
01 0b 09 0f 06 
01 0b 09 0f 0b 
01 0b 09 0f 0f 
01 0b 09 0f 16 
01 0b 09 0f 17 
01 0b 09 0f 18 
01 0b 09 15 20 
01 0b 09 16 19 
01 0b 09 1b 20 
01 0b 09 1c 00 
01 0b 09 1c 06 
01 0b 09 1c 07 
01 0b 09 1d 00 
01 0b 09 1d 10 
01 0b 09 1d 1f 
01 0b 09 24 19 
01 0b 0e 03 10 
01 0b 0e 0d 08 
01 0b 0e 0e 10 
01 0b 0e 0e 27 
01 0b 0e 0f 08 
01 0b 0e 0f 20 
01 0b 0e 1b 10 
01 0b 0e 24 10 
01 0b 0f 02 16 
01 0b 0f 02 1f 
01 0b 0f 03 07 
01 0b 0f 03 18 
01 0b 0f 0c 10 
01 0b 0f 0c 18 
01 0b 0f 0d 08 
01 0b 0f 0d 10 
01 0b 0f 0d 18 
01 0b 0f 0e 18 
01 0b 0f 0f 08 
01 0b 0f 0f 0a 
01 0b 0f 0f 10 
01 0b 0f 0f 18 
01 0b 0f 13 16 
01 0b 0f 15 18 
01 0b 0f 16 16 
01 0b 0f 16 1f 
01 0b 0f 1b 10 
01 0b 0f 1c 10 
01 0b 0f 24 10 
01 0b 10 02 00 
01 0b 10 02 19 
01 0b 10 02 20 
01 0b 10 03 0e 
01 0b 10 04 00 
01 0b 10 04 19 
01 0b 10 04 1f 
01 0b 10 04 20 
01 0b 10 0c 00 
01 0b 10 0c 06 
01 0b 10 0c 07 
01 0b 10 0c 09 
01 0b 10 0c 0f 
01 0b 10 0c 27 
01 0b 10 0d 00 
01 0b 10 0d 07 
01 0b 10 0d 0f 
01 0b 10 0d 19 
01 0b 10 0e 04 
01 0b 10 0e 09 
01 0b 10 0e 0e 
01 0b 10 0e 16 
01 0b 10 0f 04 
01 0b 10 0f 0a 
01 0b 10 0f 0f 
01 0b 10 0f 1e 
01 0b 10 0f 27 
01 0b 10 13 16 
01 0b 10 15 06 
01 0b 10 15 0e 
01 0b 10 15 0f 
01 0b 10 15 1e 
01 0b 10 16 00 
01 0b 10 16 16 
01 0b 10 16 19 
01 0b 10 16 20 
01 0b 10 1b 0e 
01 0b 10 1b 0f 
01 0b 10 1b 16 
01 0b 10 1b 19 
01 0b 10 1b 1f 
01 0b 10 1b 27 
01 0b 10 1c 0f 
01 0b 10 1c 1f 
01 0b 10 24 0e 
01 0b 10 24 0f 
01 0b 10 24 16 
01 0b 10 24 19 
01 0b 10 24 27 
01 0b 10 25 16 
01 0b 10 25 18 
01 0b 10 
01 0b 11 02 08 
01 0b 11 02 19 
01 0b 11 0e 17 
01 0b 11 0f 08 
01 0b 11 0f 1f 
01 0b 11 0f 27 
01 0b 11 15 19 
01 0b 11 15 1f 
01 0b 11 16 08 
01 0b 11 16 1f 
01 0b 11 16 27 
01 0b 11 1b 07 
01 0b 11 1b 17 
01 0b 11 1b 19 
01 0b 11 1b 20 
01 0b 11 1b 27 
01 0b 11 24 27 
01 0b 11 25 
01 0b 17 03 12 
01 0b 17 03 18 
01 0b 17 0e 1f 
01 0b 17 0e 27 
01 0b 17 0f 09 
01 0b 17 0f 18 
01 0b 17 0f 20 
01 0b 17 0f 27 
01 0b 17 13 10 
01 0b 17 13 11 
01 0b 17 14 10 
01 0b 17 16 10 
01 0b 17 1b 07 
01 0b 17 1b 10 
01 0b 17 1d 07 
01 0b 17 24 07 
01 0b 17 24 10 
01 0b 18 03 0f 
01 0b 18 03 17 
01 0b 18 0c 0f 
01 0b 18 0c 27 
01 0b 18 0e 0f 
01 0b 18 0e 20 
01 0b 18 0e 26 
01 0b 18 0f 00 
01 0b 18 0f 0f 
01 0b 18 0f 10 
01 0b 18 0f 17 
01 0b 18 15 0f 
01 0b 18 16 00 
01 0b 18 16 1e 
01 0b 18 16 27 
01 0b 18 1b 11 
01 0b 18 1b 27 
01 0b 18 1d 0f 
01 0b 18 1d 27 
01 0b 18 24 27 
01 0b 19 02 09 
01 0b 19 02 10 
01 0b 19 02 11 
01 0b 19 03 09 
01 0b 19 04 09 
01 0b 19 04 10 
01 0b 19 0c 10 
01 0b 19 0f 09 
01 0b 19 0f 18 
01 0b 19 0f 1e 
01 0b 19 13 1f 
01 0b 19 15 11 
01 0b 19 16 09 
01 0b 19 16 10 
01 0b 19 16 1f 
01 0b 19 1b 08 
01 0b 19 1b 10 
01 0b 19 1b 11 
01 0b 19 1c 08 
01 0b 19 1c 10 
01 0b 19 24 08 
01 0b 19 24 09 
01 0b 19 24 10 
01 0b 1f 02 08 
01 0b 1f 02 0f 
01 0b 1f 03 07 
01 0b 1f 04 06 
01 0b 1f 04 0f 
01 0b 1f 04 20 
01 0b 1f 0d 20 
01 0b 1f 0e 18 
01 0b 1f 0e 19 
01 0b 1f 0f 00 
01 0b 1f 0f 06 
01 0b 1f 0f 11 
01 0b 1f 0f 19 
01 0b 1f 0f 1a 
01 0b 1f 13 18 
01 0b 1f 15 11 
01 0b 1f 15 19 
01 0b 1f 15 20 
01 0b 1f 16 0f 
01 0b 1f 16 11 
01 0b 1f 16 18 
01 0b 1f 16 20 
01 0b 1f 1b 10 
01 0b 1f 1d 
01 0b 20 02 10 
01 0b 20 04 10 
01 0b 20 0e 27 
01 0b 20 0f 07 
01 0b 20 0f 08 
01 0b 20 0f 10 
01 0b 20 15 09 
01 0b 20 15 19 
01 0b 20 15 1f 
01 0b 20 16 1f 
01 0b 20 1b 09 
01 0b 20 1b 27 
01 0b 20 1c 27 
01 0b 20 24 27 
01 0b 20 25 
01 0b 27 0c 08 
01 0b 27 0c 0e 
01 0b 27 0c 20 
01 0b 27 0e 08 
01 0b 27 0e 0e 
01 0b 27 0e 17 
01 0b 27 0e 21 
01 0b 27 0f 11 
01 0b 27 0f 17 
01 0b 27 13 20 
01 0b 27 16 11 
01 0b 27 16 18 
01 0b 27 16 1a 
01 0b 27 1b 08 
01 0b 27 1b 10 
01 0b 27 1b 11 
01 0b 27 1b 18 
01 0b 27 1b 21 
01 0b 27 1c 21 
01 0b 27 1d 08 
01 0b 27 1d 18 
01 0b 27 24 10 
01 0b 27 24 11 
01 0b 27 24 18 
01 0b 27 24 21 
01 0c 00 02 10 
01 0c 00 03 09 
01 0c 00 03 10 
01 0c 00 04 09 
01 0c 00 04 10 
01 0c 00 04 27 
01 0c 00 08 18 
01 0c 00 08 1f 
01 0c 00 09 06 
01 0c 00 09 10 
01 0c 00 0a 09 
01 0c 00 0a 10 
01 0c 00 0d 0f 
01 0c 00 0d 1f 
01 0c 00 0d 27 
01 0c 00 0e 10 
01 0c 00 0f 1f 
01 0c 00 0f 27 
01 0c 00 1d 0f 
01 0c 00 25 09 
01 0c 00 25 10 
01 0c 04 04 10 
01 0c 04 08 10 
01 0c 04 08 27 
01 0c 04 09 00 
01 0c 04 09 07 
01 0c 04 0d 10 
01 0c 04 0e 10 
01 0c 04 1c 10 
01 0c 04 1d 10 
01 0c 06 03 10 
01 0c 06 08 1f 
01 0c 06 09 00 
01 0c 06 0a 10 
01 0c 06 0d 1f 
01 0c 06 0d 20 
01 0c 06 0f 10 
01 0c 06 0f 1f 
01 0c 06 0f 20 
01 0c 06 1c 10 
01 0c 07 03 0f 
01 0c 07 03 10 
01 0c 07 03 18 
01 0c 07 03 20 
01 0c 07 04 10 
01 0c 07 04 11 
01 0c 07 04 18 
01 0c 07 09 06 
01 0c 07 09 09 
01 0c 07 0a 09 
01 0c 07 0a 10 
01 0c 07 0a 27 
01 0c 07 0d 09 
01 0c 07 0d 10 
01 0c 07 0d 18 
01 0c 07 0e 17 
01 0c 07 0e 20 
01 0c 07 15 0f 
01 0c 07 15 18 
01 0c 07 1d 27 
01 0c 09 02 0f 
01 0c 09 02 10 
01 0c 09 03 00 
01 0c 09 03 1f 
01 0c 09 04 00 
01 0c 09 04 1f 
01 0c 09 08 0c 
01 0c 09 08 0f 
01 0c 09 08 17 
01 0c 09 08 19 
01 0c 09 09 10 
01 0c 09 0a 00 
01 0c 09 0a 07 
01 0c 09 0a 10 
01 0c 09 0a 27 
01 0c 09 0c 0e 
01 0c 09 0d 07 
01 0c 09 0d 0e 
01 0c 09 0d 10 
01 0c 09 0d 16 
01 0c 09 0d 1f 
01 0c 09 0e 0e 
01 0c 09 0e 16 
01 0c 09 0e 1f 
01 0c 09 0f 0e 
01 0c 09 0f 10 
01 0c 09 0f 16 
01 0c 09 13 00 
01 0c 09 13 10 
01 0c 09 15 05 
01 0c 09 16 0f 
01 0c 09 1b 10 
01 0c 09 24 10 
01 0c 09 25 10 
01 0c 09 25 1f 
01 0c 0e 08 08 
01 0c 0e 08 20 
01 0c 0e 0c 08 
01 0c 0e 0e 19 
01 0c 0e 0e 27 
01 0c 0e 0f 10 
01 0c 0e 16 10 
01 0c 0e 1c 10 
01 0c 0f 02 27 
01 0c 0f 03 07 
01 0c 0f 03 10 
01 0c 0f 04 10 
01 0c 0f 04 18 
01 0c 0f 08 08 
01 0c 0f 08 0a 
01 0c 0f 08 10 
01 0c 0f 08 18 
01 0c 0f 09 10 
01 0c 0f 09 1f 
01 0c 0f 0a 10 
01 0c 0f 0a 18 
01 0c 0f 0c 08 
01 0c 0f 0c 10 
01 0c 0f 0c 18 
01 0c 0f 0d 00 
01 0c 0f 0d 10 
01 0c 0f 0d 18 
01 0c 0f 0d 1f 
01 0c 0f 0f 10 
01 0c 0f 0f 19 
01 0c 0f 15 10 
01 0c 0f 15 18 
01 0c 0f 15 27 
01 0c 0f 16 27 
01 0c 0f 1b 10 
01 0c 0f 1b 27 
01 0c 0f 1d 00 
01 0c 0f 24 10 
01 0c 0f 25 10 
01 0c 10 02 00 
01 0c 10 02 09 
01 0c 10 02 0a 
01 0c 10 02 18 
01 0c 10 02 19 
01 0c 10 02 1e 
01 0c 10 02 20 
01 0c 10 03 00 
01 0c 10 03 06 
01 0c 10 03 07 
01 0c 10 03 0f 
01 0c 10 03 18 
01 0c 10 03 19 
01 0c 10 03 1e 
01 0c 10 03 20 
01 0c 10 04 00 
01 0c 10 04 04 
01 0c 10 04 07 
01 0c 10 04 19 
01 0c 10 04 1e 
01 0c 10 04 1f 
01 0c 10 08 04 
01 0c 10 08 08 
01 0c 10 08 0a 
01 0c 10 08 0f 
01 0c 10 08 18 
01 0c 10 08 1e 
01 0c 10 09 04 
01 0c 10 09 06 
01 0c 10 09 09 
01 0c 10 09 0a 
01 0c 10 09 0f 
01 0c 10 09 20 
01 0c 10 09 27 
01 0c 10 0a 00 
01 0c 10 0a 06 
01 0c 10 0a 07 
01 0c 10 0a 09 
01 0c 10 0a 0f 
01 0c 10 0a 27 
01 0c 10 0b 06 
01 0c 10 0b 0f 
01 0c 10 0b 13 
01 0c 10 0b 15 
01 0c 10 0b 18 
01 0c 10 0d 04 
01 0c 10 0d 07 
01 0c 10 0d 09 
01 0c 10 0d 0f 
01 0c 10 0d 13 
01 0c 10 0d 15 
01 0c 10 0d 18 
01 0c 10 0d 19 
01 0c 10 0d 1e 
01 0c 10 0e 00 
01 0c 10 0e 04 
01 0c 10 0e 19 
01 0c 10 0e 1e 
01 0c 10 0e 20 
01 0c 10 0e 27 
01 0c 10 0f 06 
01 0c 10 0f 09 
01 0c 10 0f 0a 
01 0c 10 0f 0e 
01 0c 10 0f 0f 
01 0c 10 0f 12 
01 0c 10 0f 13 
01 0c 10 0f 15 
01 0c 10 0f 18 
01 0c 10 0f 19 
01 0c 10 0f 1e 
01 0c 10 13 04 
01 0c 10 13 09 
01 0c 10 13 0a 
01 0c 10 13 13 
01 0c 10 13 16 
01 0c 10 13 18 
01 0c 10 13 19 
01 0c 10 13 1e 
01 0c 10 15 0f 
01 0c 10 15 1e 
01 0c 10 16 00 
01 0c 10 16 09 
01 0c 10 16 0a 
01 0c 10 16 19 
01 0c 10 16 1e 
01 0c 10 16 20 
01 0c 10 1b 09 
01 0c 10 1b 0a 
01 0c 10 1b 0f 
01 0c 10 1b 19 
01 0c 10 1b 1e 
01 0c 10 1b 27 
01 0c 10 1c 04 
01 0c 10 1c 06 
01 0c 10 1c 0a 
01 0c 10 1c 0e 
01 0c 10 24 09 
01 0c 10 24 0f 
01 0c 10 24 19 
01 0c 10 24 1e 
01 0c 10 24 27 
01 0c 10 25 09 
01 0c 10 25 0a 
01 0c 10 25 0f 
01 0c 10 25 20 
01 0c 10 25 27 
01 0c 10 
01 0c 11 04 07 
01 0c 11 08 08 
01 0c 11 08 1f 
01 0c 11 08 27 
01 0c 11 09 1f 
01 0c 11 0b 10 
01 0c 11 0b 1f 
01 0c 11 0b 27 
01 0c 11 0d 10 
01 0c 11 0d 1f 
01 0c 11 0e 27 
01 0c 11 0f 10 
01 0c 11 13 10 
01 0c 11 14 10 
01 0c 18 02 10 
01 0c 18 03 04 
01 0c 18 03 10 
01 0c 18 04 20 
01 0c 18 08 00 
01 0c 18 08 0f 
01 0c 18 08 10 
01 0c 18 08 17 
01 0c 18 09 10 
01 0c 18 0a 0f 
01 0c 18 0a 27 
01 0c 18 0d 0f 
01 0c 18 0d 10 
01 0c 18 0e 1e 
01 0c 18 0f 10 
01 0c 18 0f 12 
01 0c 18 15 0f 
01 0c 18 1b 10 
01 0c 19 02 10 
01 0c 19 03 04 
01 0c 19 03 10 
01 0c 19 04 10 
01 0c 19 04 18 
01 0c 19 08 09 
01 0c 19 08 18 
01 0c 19 08 1e 
01 0c 19 0a 10 
01 0c 19 0a 1f 
01 0c 19 0d 10 
01 0c 19 0e 08 
01 0c 19 0e 0e 
01 0c 19 0e 10 
01 0c 19 0e 1f 
01 0c 19 0f 08 
01 0c 19 0f 0f 
01 0c 19 0f 10 
01 0c 19 0f 18 
01 0c 19 0f 1e 
01 0c 19 1b 10 
01 0c 19 24 10 
01 0c 1f 02 19 
01 0c 1f 03 09 
01 0c 1f 03 19 
01 0c 1f 03 20 
01 0c 1f 04 06 
01 0c 1f 04 19 
01 0c 1f 08 00 
01 0c 1f 08 06 
01 0c 1f 08 11 
01 0c 1f 08 19 
01 0c 1f 08 1a 
01 0c 1f 09 06 
01 0c 1f 09 07 
01 0c 1f 09 08 
01 0c 1f 09 0f 
01 0c 1f 09 11 
01 0c 1f 0d 00 
01 0c 1f 0d 06 
01 0c 1f 0d 09 
01 0c 1f 0d 0f 
01 0c 1f 0d 11 
01 0c 1f 0d 12 
01 0c 1f 0d 19 
01 0c 1f 0d 20 
01 0c 1f 0d 26 
01 0c 1f 0e 09 
01 0c 1f 0e 18 
01 0c 1f 0e 19 
01 0c 1f 0e 20 
01 0c 1f 0e 26 
01 0c 1f 0e 27 
01 0c 1f 0f 00 
01 0c 1f 0f 06 
01 0c 1f 0f 08 
01 0c 1f 0f 12 
01 0c 1f 0f 19 
01 0c 1f 0f 1a 
01 0c 1f 0f 26 
01 0c 1f 13 19 
01 0c 1f 13 20 
01 0c 1f 15 19 
01 0c 1f 16 19 
01 0c 1f 1c 06 
01 0c 1f 24 19 
01 0c 1f 25 09 
01 0c 1f 25 20 
01 0c 20 02 00 
01 0c 20 02 10 
01 0c 20 02 27 
01 0c 20 03 07 
01 0c 20 03 18 
01 0c 20 04 07 
01 0c 20 04 18 
01 0c 20 04 19 
01 0c 20 04 1a 
01 0c 20 08 0e 
01 0c 20 08 17 
01 0c 20 08 1a 
01 0c 20 08 27 
01 0c 20 09 10 
01 0c 20 0d 08 
01 0c 20 0d 09 
01 0c 20 0d 19 
01 0c 20 0d 1f 
01 0c 20 0d 26 
01 0c 20 0e 10 
01 0c 20 0e 1f 
01 0c 20 0e 26 
01 0c 20 0f 1a 
01 0c 20 0f 26 
01 0c 20 13 10 
01 0c 20 13 1f 
01 0c 20 14 00 
01 0c 20 15 05 
01 0c 20 15 10 
01 0c 20 16 00 
01 0c 20 16 27 
01 0c 20 1c 1f 
01 0c 20 25 06 
01 0c 20 25 10 
01 0c 20 25 1f 
01 0c 27 02 0f 
01 0c 27 03 06 
01 0c 27 04 10 
01 0c 27 08 11 
01 0c 27 08 17 
01 0c 27 09 10 
01 0c 27 0a 07 
01 0c 27 0a 09 
01 0c 27 0a 10 
01 0c 27 0a 18 
01 0c 27 0d 00 
01 0c 27 0d 17 
01 0c 27 0d 21 
01 0c 27 0e 0e 
01 0c 27 0e 10 
01 0c 27 0e 11 
01 0c 27 0e 17 
01 0c 27 0e 1f 
01 0c 27 0e 21 
01 0c 27 0f 00 
01 0c 27 0f 21 
01 0c 27 0f 24 
01 0c 27 15 0f 
01 0c 27 16 0f 
01 0c 27 1b 0f 
01 0c 27 1b 10 
01 0c 27 1d 07 
01 0c 27 24 10 
01 0c 27 25 10 
01 0d 00 02 09 
01 0d 00 02 10 
01 0d 00 09 18 
01 0d 00 09 1f 
01 0d 00 0a 05 
01 0d 00 0a 0f 
01 0d 00 0a 17 
01 0d 00 0b 09 
01 0d 00 0b 10 
01 0d 00 0c 0f 
01 0d 00 0c 1f 
01 0d 00 0c 27 
01 0d 00 13 09 
01 0d 00 15 18 
01 0d 00 16 09 
01 0d 00 16 18 
01 0d 00 1d 17 
01 0d 04 09 10 
01 0d 04 09 27 
01 0d 04 0c 10 
01 0d 05 1c 
01 0d 05 24 
01 0d 06 09 1f 
01 0d 06 0a 1f 
01 0d 06 0b 10 
01 0d 06 13 09 
01 0d 06 13 20 
01 0d 06 15 10 
01 0d 06 15 18 
01 0d 06 16 18 
01 0d 06 16 27 
01 0d 06 1c 10 
01 0d 06 1d 10 
01 0d 06 1d 1f 
01 0d 07 03 0f 
01 0d 07 03 10 
01 0d 07 03 11 
01 0d 07 03 17 
01 0d 07 0a 09 
01 0d 07 0b 09 
01 0d 07 0b 10 
01 0d 07 0b 27 
01 0d 07 0c 09 
01 0d 07 0c 10 
01 0d 07 0c 18 
01 0d 07 14 17 
01 0d 07 14 18 
01 0d 07 15 0f 
01 0d 07 16 09 
01 0d 07 1b 10 
01 0d 07 1b 11 
01 0d 07 1d 27 
01 0d 08 0a 16 
01 0d 08 0c 20 
01 0d 08 13 18 
01 0d 08 13 19 
01 0d 08 1b 19 
01 0d 08 1d 27 
01 0d 08 24 19 
01 0d 08 24 27 
01 0d 09 02 00 
01 0d 09 02 0e 
01 0d 09 02 10 
01 0d 09 09 0c 
01 0d 09 09 0f 
01 0d 09 09 17 
01 0d 09 09 19 
01 0d 09 0a 18 
01 0d 09 0a 19 
01 0d 09 0b 00 
01 0d 09 0b 07 
01 0d 09 0b 10 
01 0d 09 0b 27 
01 0d 09 0c 07 
01 0d 09 0c 0e 
01 0d 09 0c 10 
01 0d 09 0c 16 
01 0d 09 0c 1f 
01 0d 09 15 19 
01 0d 09 16 00 
01 0d 09 1b 17 
01 0d 09 1d 16 
01 0d 09 24 17 
01 0d 0e 02 20 
01 0d 0e 09 08 
01 0d 0e 09 20 
01 0d 0e 0a 16 
01 0d 0e 0c 19 
01 0d 0e 0c 27 
01 0d 0e 13 09 
01 0d 0e 13 18 
01 0d 0e 1b 19 
01 0d 0e 25 27 
01 0d 0f 02 10 
01 0d 0f 02 18 
01 0d 0f 02 1f 
01 0d 0f 03 07 
01 0d 0f 09 08 
01 0d 0f 09 0a 
01 0d 0f 09 10 
01 0d 0f 09 18 
01 0d 0f 0a 10 
01 0d 0f 0a 18 
01 0d 0f 0a 27 
01 0d 0f 0b 10 
01 0d 0f 0b 18 
01 0d 0f 0c 10 
01 0d 0f 0c 19 
01 0d 0f 13 19 
01 0d 0f 13 1f 
01 0d 0f 14 19 
01 0d 0f 15 18 
01 0d 0f 16 18 
01 0d 0f 16 19 
01 0d 0f 16 1f 
01 0d 0f 1b 27 
01 0d 0f 1d 18 
01 0d 0f 24 10 
01 0d 10 02 00 
01 0d 10 02 08 
01 0d 10 02 09 
01 0d 10 02 0f 
01 0d 10 02 18 
01 0d 10 02 19 
01 0d 10 02 1e 
01 0d 10 03 07 
01 0d 10 03 19 
01 0d 10 03 1f 
01 0d 10 03 20 
01 0d 10 09 04 
01 0d 10 09 08 
01 0d 10 09 0a 
01 0d 10 09 0f 
01 0d 10 09 18 
01 0d 10 09 1e 
01 0d 10 0a 04 
01 0d 10 0a 06 
01 0d 10 0a 09 
01 0d 10 0a 0a 
01 0d 10 0a 0f 
01 0d 10 0a 12 
01 0d 10 0a 13 
01 0d 10 0a 18 
01 0d 10 0a 1e 
01 0d 10 0b 00 
01 0d 10 0b 06 
01 0d 10 0b 07 
01 0d 10 0b 09 
01 0d 10 0b 0f 
01 0d 10 0b 27 
01 0d 10 0c 04 
01 0d 10 0c 07 
01 0d 10 0c 09 
01 0d 10 0c 0f 
01 0d 10 0c 13 
01 0d 10 0c 15 
01 0d 10 0c 18 
01 0d 10 0c 19 
01 0d 10 0c 1e 
01 0d 10 13 19 
01 0d 10 13 1e 
01 0d 10 15 19 
01 0d 10 15 1f 
01 0d 10 16 00 
01 0d 10 16 08 
01 0d 10 16 09 
01 0d 10 16 0f 
01 0d 10 16 19 
01 0d 10 16 1e 
01 0d 10 1b 07 
01 0d 10 1b 13 
01 0d 10 1b 16 
01 0d 10 1b 19 
01 0d 10 1b 1e 
01 0d 10 1b 20 
01 0d 10 1b 27 
01 0d 10 1c 06 
01 0d 10 1c 19 
01 0d 10 1c 1f 
01 0d 10 24 0f 
01 0d 10 24 19 
01 0d 10 24 1e 
01 0d 10 24 1f 
01 0d 10 24 20 
01 0d 10 24 27 
01 0d 10 25 1f 
01 0d 11 03 1f 
01 0d 11 09 08 
01 0d 11 09 1f 
01 0d 11 09 27 
01 0d 11 0a 10 
01 0d 11 0a 27 
01 0d 11 0c 10 
01 0d 11 0c 1f 
01 0d 11 16 08 
01 0d 11 16 27 
01 0d 11 1b 07 
01 0d 11 1b 10 
01 0d 11 1b 17 
01 0d 11 1b 1f 
01 0d 11 1b 27 
01 0d 17 02 18 
01 0d 17 02 20 
01 0d 17 02 27 
01 0d 17 03 07 
01 0d 17 03 11 
01 0d 17 03 18 
01 0d 17 03 27 
01 0d 17 09 09 
01 0d 17 09 18 
01 0d 17 09 20 
01 0d 17 09 27 
01 0d 17 0a 14 
01 0d 17 0a 19 
01 0d 17 0a 20 
01 0d 17 0c 1f 
01 0d 17 0c 27 
01 0d 17 13 19 
01 0d 17 14 0f 
01 0d 17 14 13 
01 0d 17 16 18 
01 0d 17 16 27 
01 0d 17 1b 09 
01 0d 17 1b 1f 
01 0d 17 1b 27 
01 0d 17 1d 00 
01 0d 17 1d 1f 
01 0d 17 1d 27 
01 0d 17 24 09 
01 0d 17 24 18 
01 0d 17 24 20 
01 0d 17 25 20 
01 0d 18 02 0f 
01 0d 18 02 10 
01 0d 18 02 17 
01 0d 18 03 11 
01 0d 18 03 12 
01 0d 18 03 17 
01 0d 18 09 00 
01 0d 18 09 0f 
01 0d 18 09 10 
01 0d 18 09 17 
01 0d 18 0a 0f 
01 0d 18 0a 17 
01 0d 18 0b 0f 
01 0d 18 0b 27 
01 0d 18 0c 0f 
01 0d 18 0c 10 
01 0d 18 14 27 
01 0d 18 15 00 
01 0d 18 15 0f 
01 0d 18 15 20 
01 0d 18 16 00 
01 0d 18 16 06 
01 0d 18 16 0f 
01 0d 18 16 17 
01 0d 18 16 1e 
01 0d 18 16 20 
01 0d 18 1b 10 
01 0d 18 1b 17 
01 0d 18 1d 0f 
01 0d 18 1d 26 
01 0d 18 1d 27 
01 0d 18 24 17 
01 0d 19 02 08 
01 0d 19 02 10 
01 0d 19 02 1e 
01 0d 19 03 04 
01 0d 19 03 10 
01 0d 19 09 09 
01 0d 19 09 18 
01 0d 19 09 1e 
01 0d 19 0a 09 
01 0d 19 0a 17 
01 0d 19 0a 18 
01 0d 19 0c 10 
01 0d 19 13 08 
01 0d 19 13 0f 
01 0d 19 13 17 
01 0d 19 13 18 
01 0d 19 13 27 
01 0d 19 14 0f 
01 0d 19 15 09 
01 0d 19 16 08 
01 0d 19 16 0f 
01 0d 19 16 18 
01 0d 19 16 27 
01 0d 19 1b 08 
01 0d 19 1b 0e 
01 0d 19 1b 10 
01 0d 19 1b 27 
01 0d 19 1c 08 
01 0d 19 1c 0f 
01 0d 19 1c 10 
01 0d 19 24 08 
01 0d 19 24 10 
01 0d 19 24 27 
01 0d 1f 02 08 
01 0d 1f 02 0f 
01 0d 1f 02 19 
01 0d 1f 02 26 
01 0d 1f 02 27 
01 0d 1f 03 10 
01 0d 1f 09 00 
01 0d 1f 09 06 
01 0d 1f 09 11 
01 0d 1f 09 19 
01 0d 1f 09 1a 
01 0d 1f 0a 06 
01 0d 1f 0a 10 
01 0d 1f 0a 19 
01 0d 1f 0a 1a 
01 0d 1f 0c 17 
01 0d 1f 0c 19 
01 0d 1f 0c 1a 
01 0d 1f 13 0f 
01 0d 1f 13 19 
01 0d 1f 13 1a 
01 0d 1f 13 27 
01 0d 1f 16 0f 
01 0d 1f 16 19 
01 0d 1f 16 1a 
01 0d 1f 1b 11 
01 0d 1f 1b 17 
01 0d 1f 1c 10 
01 0d 1f 1d 10 
01 0d 1f 1d 11 
01 0d 1f 1d 20 
01 0d 1f 24 10 
01 0d 1f 24 19 
01 0d 1f 25 10 
01 0d 1f 
01 0d 20 02 0e 
01 0d 20 02 17 
01 0d 20 02 26 
01 0d 20 02 27 
01 0d 20 03 19 
01 0d 20 09 0e 
01 0d 20 09 17 
01 0d 20 09 1a 
01 0d 20 09 27 
01 0d 20 0a 17 
01 0d 20 0a 1a 
01 0d 20 0c 08 
01 0d 20 0c 09 
01 0d 20 0c 19 
01 0d 20 0c 1f 
01 0d 20 0c 26 
01 0d 20 13 1a 
01 0d 20 15 18 
01 0d 20 16 18 
01 0d 20 16 1a 
01 0d 20 16 27 
01 0d 20 1b 10 
01 0d 20 1b 19 
01 0d 20 1c 19 
01 0d 20 24 10 
01 0d 20 24 17 
01 0d 20 24 19 
01 0d 27 02 08 
01 0d 27 02 17 
01 0d 27 02 1f 
01 0d 27 03 17 
01 0d 27 09 11 
01 0d 27 09 17 
01 0d 27 0a 0f 
01 0d 27 0a 11 
01 0d 27 0a 18 
01 0d 27 0b 07 
01 0d 27 0b 09 
01 0d 27 0b 10 
01 0d 27 0b 18 
01 0d 27 13 19 
01 0d 27 13 1f 
01 0d 27 14 18 
01 0d 27 15 09 
01 0d 27 15 1f 
01 0d 27 16 08 
01 0d 27 16 11 
01 0d 27 16 17 
01 0d 27 16 19 
01 0d 27 1b 0f 
01 0d 27 1b 10 
01 0d 27 1b 11 
01 0d 27 1b 17 
01 0d 27 1b 19 
01 0d 27 1c 10 
01 0d 27 1c 19 
01 0d 27 1d 07 
01 0d 27 1d 08 
01 0d 27 1d 10 
01 0d 27 1d 17 
01 0d 27 1d 18 
01 0d 27 24 08 
01 0d 27 24 10 
01 0d 27 24 19 
01 0d 27 25 0e 
01 13 00 03 09 
01 13 00 0a 05 
01 13 00 0a 0f 
01 13 00 0a 17 
01 13 00 0c 09 
01 13 00 13 0f 
01 13 00 15 09 
01 13 00 16 09 
01 13 00 16 18 
01 13 00 17 18 
01 13 00 17 1f 
01 13 00 1d 08 
01 13 00 1d 0e 
01 13 00 1d 17 
01 13 00 1e 0e 
01 13 00 1e 0f 
01 13 00 1e 11 
01 13 00 1e 1f 
01 13 00 1e 27 
01 13 04 04 08 
01 13 04 0a 06 
01 13 04 0a 07 
01 13 04 0a 10 
01 13 04 0a 27 
01 13 04 0b 07 
01 13 04 17 10 
01 13 04 17 27 
01 13 04 1b 08 
01 13 04 1b 0f 
01 13 04 1e 00 
01 13 05 0a 00 
01 13 05 0b 00 
01 13 05 1e 20 
01 13 06 03 1f 
01 13 06 03 27 
01 13 06 04 27 
01 13 06 0a 00 
01 13 06 0a 1f 
01 13 06 0b 00 
01 13 06 0c 10 
01 13 06 12 18 
01 13 06 13 27 
01 13 06 15 18 
01 13 06 15 1f 
01 13 06 16 18 
01 13 06 16 27 
01 13 06 17 1f 
01 13 06 1d 09 
01 13 06 1e 1f 
01 13 06 1e 20 
01 13 06 24 18 
01 13 08 04 04 
01 13 08 04 11 
01 13 08 04 18 
01 13 08 04 1f 
01 13 08 04 27 
01 13 08 0a 04 
01 13 08 0a 0a 
01 13 08 0a 0e 
01 13 08 0a 11 
01 13 08 0a 16 
01 13 08 0a 18 
01 13 08 0a 1f 
01 13 08 0a 20 
01 13 08 0a 27 
01 13 08 0b 1f 
01 13 08 0d 18 
01 13 08 0d 19 
01 13 08 0d 1f 
01 13 08 12 11 
01 13 08 12 16 
01 13 08 15 1f 
01 13 08 16 0e 
01 13 08 16 10 
01 13 08 16 11 
01 13 08 16 16 
01 13 08 17 0e 
01 13 08 17 10 
01 13 08 17 11 
01 13 08 17 16 
01 13 08 1b 04 
01 13 08 1b 0d 
01 13 08 1b 11 
01 13 08 1b 16 
01 13 08 1d 00 
01 13 08 1e 0a 
01 13 08 1e 0d 
01 13 08 1e 10 
01 13 08 1e 11 
01 13 08 1e 16 
01 13 08 1e 18 
01 13 08 1e 1f 
01 13 08 24 04 
01 13 08 24 11 
01 13 08 24 16 
01 13 08 24 27 
01 13 09 03 00 
01 13 09 03 10 
01 13 09 03 1f 
01 13 09 04 0e 
01 13 09 04 1f 
01 13 09 0a 0c 
01 13 09 0a 17 
01 13 09 0a 27 
01 13 09 0b 18 
01 13 09 0b 19 
01 13 09 0c 0e 
01 13 09 12 0e 
01 13 09 12 19 
01 13 09 15 00 
01 13 09 16 00 
01 13 09 17 0c 
01 13 09 17 0f 
01 13 09 17 17 
01 13 09 17 19 
01 13 09 1b 0e 
01 13 09 1b 10 
01 13 09 1b 19 
01 13 09 1b 27 
01 13 09 1d 06 
01 13 09 1d 19 
01 13 09 1d 1f 
01 13 09 1e 0c 
01 13 09 1e 0f 
01 13 09 24 0e 
01 13 09 24 19 
01 13 09 24 1f 
01 13 0e 03 18 
01 13 0e 03 27 
01 13 0e 0a 08 
01 13 0e 0a 16 
01 13 0e 0a 18 
01 13 0e 0a 20 
01 13 0e 0a 27 
01 13 0e 0c 10 
01 13 0e 0c 27 
01 13 0e 0d 09 
01 13 0e 0d 18 
01 13 0e 12 10 
01 13 0e 15 20 
01 13 0e 17 08 
01 13 0e 17 20 
01 13 0e 1d 00 
01 13 0e 1d 18 
01 13 0e 1e 00 
01 13 0e 1e 18 
01 13 0e 1e 20 
01 13 0e 24 10 
01 13 0e 24 27 
01 13 0e 
01 13 0f 04 10 
01 13 0f 04 1f 
01 13 0f 0a 00 
01 13 0f 0a 08 
01 13 0f 0a 0a 
01 13 0f 0a 10 
01 13 0f 0a 20 
01 13 0f 0b 16 
01 13 0f 0c 10 
01 13 0f 0d 19 
01 13 0f 0d 1f 
01 13 0f 12 09 
01 13 0f 12 18 
01 13 0f 12 27 
01 13 0f 15 18 
01 13 0f 16 18 
01 13 0f 16 19 
01 13 0f 16 1f 
01 13 0f 17 08 
01 13 0f 17 0a 
01 13 0f 17 10 
01 13 0f 17 18 
01 13 0f 1b 04 
01 13 0f 1b 09 
01 13 0f 1b 10 
01 13 0f 1b 16 
01 13 0f 1d 10 
01 13 0f 1e 00 
01 13 0f 1e 0a 
01 13 0f 1e 10 
01 13 0f 1e 20 
01 13 0f 24 09 
01 13 10 03 09 
01 13 10 04 06 
01 13 10 0c 06 
01 13 10 0c 09 
01 13 10 0c 15 
01 13 10 0c 20 
01 13 10 12 0e 
01 13 10 1b 09 
01 13 10 1b 0f 
01 13 10 1d 0f 
01 13 10 1d 12 
01 13 10 1d 15 
01 13 10 1d 19 
01 13 10 24 0e 
01 13 11 03 1f 
01 13 11 04 08 
01 13 11 0a 10 
01 13 11 0a 14 
01 13 11 0a 17 
01 13 11 0a 1f 
01 13 11 0a 27 
01 13 11 0c 10 
01 13 11 12 08 
01 13 11 12 27 
01 13 11 16 08 
01 13 11 16 27 
01 13 11 17 08 
01 13 11 17 1f 
01 13 11 17 27 
01 13 11 1b 08 
01 13 11 1d 10 
01 13 11 1d 14 
01 13 11 1e 00 
01 13 11 1e 08 
01 13 11 1e 19 
01 13 11 1e 1f 
01 13 11 1e 20 
01 13 11 24 08 
01 13 17 04 11 
01 13 17 0a 00 
01 13 17 0a 09 
01 13 17 0a 14 
01 13 17 0a 19 
01 13 17 0a 1f 
01 13 17 0b 10 
01 13 17 0b 11 
01 13 17 0c 10 
01 13 17 0d 19 
01 13 17 12 10 
01 13 17 12 18 
01 13 17 12 27 
01 13 17 14 10 
01 13 17 16 18 
01 13 17 16 27 
01 13 17 17 09 
01 13 17 17 18 
01 13 17 17 20 
01 13 17 17 27 
01 13 17 1b 10 
01 13 17 1d 00 
01 13 17 1d 11 
01 13 17 1e 1f 
01 13 17 24 10 
01 13 18 03 08 
01 13 18 03 0e 
01 13 18 03 1f 
01 13 18 04 08 
01 13 18 04 1f 
01 13 18 0a 08 
01 13 18 0a 0e 
01 13 18 0a 1b 
01 13 18 0b 08 
01 13 18 0b 0e 
01 13 18 0b 1b 
01 13 18 0b 1c 
01 13 18 0c 05 
01 13 18 0d 08 
01 13 18 0d 0e 
01 13 18 0d 1b 
01 13 18 12 1f 
01 13 18 15 09 
01 13 18 15 0e 
01 13 18 15 1f 
01 13 18 16 08 
01 13 18 16 0e 
01 13 18 16 1b 
01 13 18 16 1f 
01 13 18 17 08 
01 13 18 17 0e 
01 13 18 17 1b 
01 13 18 17 1d 
01 13 18 17 1f 
01 13 18 1b 1f 
01 13 18 1d 0e 
01 13 18 1e 08 
01 13 18 1e 0e 
01 13 18 1e 1b 
01 13 18 1e 1d 
01 13 18 1e 1f 
01 13 18 24 1f 
01 13 19 03 08 
01 13 19 03 1f 
01 13 19 0a 12 
01 13 19 0a 17 
01 13 19 0a 18 
01 13 19 0b 1f 
01 13 19 0d 08 
01 13 19 0d 0f 
01 13 19 0d 17 
01 13 19 0d 18 
01 13 19 0d 27 
01 13 19 12 09 
01 13 19 12 1f 
01 13 19 14 08 
01 13 19 14 0f 
01 13 19 14 10 
01 13 19 14 1f 
01 13 19 16 08 
01 13 19 16 0f 
01 13 19 16 18 
01 13 19 16 27 
01 13 19 17 09 
01 13 19 17 18 
01 13 19 17 1e 
01 13 19 1b 09 
01 13 19 1b 1f 
01 13 19 1d 09 
01 13 19 1d 10 
01 13 19 1d 12 
01 13 19 1e 11 
01 13 19 1e 18 
01 13 19 1e 1e 
01 13 19 24 09 
01 13 19 24 1f 
01 13 1f 03 06 
01 13 1f 03 09 
01 13 1f 03 19 
01 13 1f 03 20 
01 13 1f 04 08 
01 13 1f 04 0f 
01 13 1f 04 17 
01 13 1f 04 19 
01 13 1f 0a 06 
01 13 1f 0a 08 
01 13 1f 0a 11 
01 13 1f 0a 17 
01 13 1f 0a 19 
01 13 1f 0a 1a 
01 13 1f 0b 18 
01 13 1f 0c 19 
01 13 1f 0c 20 
01 13 1f 0d 0f 
01 13 1f 0d 19 
01 13 1f 0d 1a 
01 13 1f 0d 27 
01 13 1f 12 18 
01 13 1f 12 19 
01 13 1f 14 18 
01 13 1f 14 19 
01 13 1f 15 06 
01 13 1f 15 08 
01 13 1f 15 19 
01 13 1f 16 0f 
01 13 1f 16 19 
01 13 1f 16 1a 
01 13 1f 17 00 
01 13 1f 17 06 
01 13 1f 17 11 
01 13 1f 17 19 
01 13 1f 17 1a 
01 13 1f 1b 12 
01 13 1f 1b 18 
01 13 1f 1b 27 
01 13 1f 1e 00 
01 13 1f 1e 06 
01 13 1f 1e 08 
01 13 1f 1e 11 
01 13 1f 1e 17 
01 13 1f 1e 1a 
01 13 1f 24 06 
01 13 1f 24 09 
01 13 1f 24 18 
01 13 1f 24 19 
01 13 20 03 00 
01 13 20 03 0e 
01 13 20 03 27 
01 13 20 04 1f 
01 13 20 04 26 
01 13 20 04 27 
01 13 20 0a 05 
01 13 20 0a 0e 
01 13 20 0a 0f 
01 13 20 0a 1a 
01 13 20 0b 00 
01 13 20 0c 10 
01 13 20 0c 1f 
01 13 20 0d 1a 
01 13 20 12 27 
01 13 20 15 0e 
01 13 20 15 17 
01 13 20 15 27 
01 13 20 16 18 
01 13 20 16 1a 
01 13 20 16 27 
01 13 20 17 0e 
01 13 20 17 17 
01 13 20 17 1a 
01 13 20 17 27 
01 13 20 1b 27 
01 13 20 1d 00 
01 13 20 1d 06 
01 13 20 1d 27 
01 13 20 1e 0e 
01 13 20 1e 0f 
01 13 20 1e 1a 
01 13 20 1e 27 
01 13 20 24 27 
01 13 27 03 08 
01 13 27 03 0e 
01 13 27 0a 08 
01 13 27 0a 09 
01 13 27 0a 0e 
01 13 27 0a 11 
01 13 27 0a 20 
01 13 27 0a 21 
01 13 27 0b 20 
01 13 27 0d 19 
01 13 27 0d 1f 
01 13 27 12 0f 
01 13 27 12 11 
01 13 27 12 17 
01 13 27 12 18 
01 13 27 14 19 
01 13 27 15 18 
01 13 27 16 08 
01 13 27 16 11 
01 13 27 16 17 
01 13 27 16 19 
01 13 27 17 11 
01 13 27 17 17 
01 13 27 1b 09 
01 13 27 1b 1f 
01 13 27 1e 00 
01 13 27 24 08 
01 13 27 24 0e 
01 14 00 0b 
01 14 00 10 18 
01 14 00 10 1f 
01 14 00 11 18 
01 14 00 17 17 
01 14 00 17 18 
01 14 04 03 
01 14 04 0a 
01 14 04 0b 
01 14 04 10 10 
01 14 04 10 27 
01 14 04 17 1f 
01 14 04 25 
01 14 05 03 
01 14 05 0b 
01 14 05 1d 
01 14 05 25 
01 14 06 03 
01 14 06 0b 
01 14 06 10 1f 
01 14 06 17 09 
01 14 06 25 
01 14 07 10 27 
01 14 08 10 0e 
01 14 08 10 10 
01 14 08 10 11 
01 14 08 10 16 
01 14 08 11 11 
01 14 08 15 11 
01 14 08 15 19 
01 14 08 15 27 
01 14 08 16 27 
01 14 08 17 0d 
01 14 08 17 27 
01 14 08 1b 19 
01 14 08 1b 27 
01 14 08 24 
01 14 0e 10 08 
01 14 0e 10 20 
01 14 0e 17 27 
01 14 0e 1c 
01 14 0e 1d 
01 14 0e 24 
01 14 0f 0d 19 
01 14 0f 10 08 
01 14 0f 10 0a 
01 14 0f 10 10 
01 14 0f 10 18 
01 14 0f 11 16 
01 14 0f 11 1f 
01 14 0f 12 18 
01 14 0f 15 18 
01 14 0f 15 1f 
01 14 0f 16 27 
01 14 0f 24 
01 14 11 10 08 
01 14 11 10 1f 
01 14 11 10 27 
01 14 11 11 08 
01 14 11 11 1f 
01 14 11 11 27 
01 14 11 14 08 
01 14 11 14 1f 
01 14 11 14 27 
01 14 11 17 17 
01 14 17 04 
01 14 17 10 09 
01 14 17 10 18 
01 14 17 10 20 
01 14 17 10 27 
01 14 17 11 10 
01 14 17 14 20 
01 14 17 14 27 
01 14 17 17 00 
01 14 17 17 11 
01 14 17 17 27 
01 14 17 1b 10 
01 14 18 0d 27 
01 14 18 10 00 
01 14 18 10 0f 
01 14 18 10 10 
01 14 18 10 17 
01 14 18 11 00 
01 14 18 11 1e 
01 14 18 11 27 
01 14 18 12 0f 
01 14 18 12 27 
01 14 18 13 0f 
01 14 18 13 1e 
01 14 18 13 27 
01 14 18 17 00 
01 14 18 17 12 
01 14 18 17 26 
01 14 19 0d 0f 
01 14 19 10 09 
01 14 19 10 18 
01 14 19 10 1e 
01 14 19 11 09 
01 14 19 11 10 
01 14 19 11 1f 
01 14 19 12 1f 
01 14 19 13 08 
01 14 19 13 0f 
01 14 19 13 10 
01 14 19 13 1f 
01 14 19 16 10 
01 14 19 1b 08 
01 14 19 1c 08 
01 14 19 1c 0f 
01 14 20 03 00 
01 14 20 04 00 
01 14 20 0a 19 
01 14 20 0c 00 
01 14 20 10 0e 
01 14 20 10 17 
01 14 20 10 1a 
01 14 20 10 27 
01 14 20 12 27 
01 14 20 17 00 
01 14 20 17 1f 
01 14 20 1c 00 
01 14 27 0d 18 
01 14 27 10 11 
01 14 27 10 17 
01 14 27 11 11 
01 14 27 11 18 
01 14 27 11 1a 
01 14 27 12 18 
01 14 27 16 08 
01 14 27 17 08 
01 14 27 17 0e 
01 14 27 17 17 
01 14 27 1b 08 
01 15 00 03 1f 
01 15 00 04 18 
01 15 00 0a 09 
01 15 00 0a 0f 
01 15 00 0a 10 
01 15 00 0d 18 
01 15 00 10 09 
01 15 00 10 18 
01 15 00 11 18 
01 15 00 11 1f 
01 15 00 12 0f 
01 15 00 14 0f 
01 15 00 14 1f 
01 15 00 14 27 
01 15 00 1d 0f 
01 15 00 1d 20 
01 15 00 1e 0e 
01 15 00 1e 0f 
01 15 00 1e 11 
01 15 00 1e 20 
01 15 00 25 08 
01 15 04 0a 10 
01 15 04 11 10 
01 15 04 11 27 
01 15 04 1b 27 
01 15 04 1d 09 
01 15 04 1d 1f 
01 15 04 1e 10 
01 15 04 1e 1f 
01 15 04 25 08 
01 15 05 1e 20 
01 15 05 24 
01 15 06 03 08 
01 15 06 11 08 
01 15 06 13 08 
01 15 06 13 09 
01 15 06 1b 00 
01 15 06 1b 08 
01 15 06 1b 1f 
01 15 06 1c 09 
01 15 06 1d 05 
01 15 06 1d 08 
01 15 06 25 18 
01 15 07 04 27 
01 15 07 12 20 
01 15 07 13 
01 15 07 1b 05 
01 15 07 1d 1f 
01 15 07 1d 20 
01 15 07 24 
01 15 08 0a 07 
01 15 08 0b 11 
01 15 08 10 11 
01 15 08 10 19 
01 15 08 10 27 
01 15 08 12 27 
01 15 08 14 05 
01 15 08 14 11 
01 15 08 14 1f 
01 15 08 1b 06 
01 15 08 1b 0e 
01 15 08 1b 11 
01 15 08 1b 1f 
01 15 08 1b 27 
01 15 08 1e 10 
01 15 08 24 0e 
01 15 08 24 11 
01 15 08 24 27 
01 15 08 25 04 
01 15 08 25 1f 
01 15 08 25 20 
01 15 09 04 19 
01 15 09 0a 00 
01 15 09 0a 10 
01 15 09 0a 19 
01 15 09 0d 19 
01 15 09 10 00 
01 15 09 11 0c 
01 15 09 11 0f 
01 15 09 11 17 
01 15 09 11 19 
01 15 09 14 0e 
01 15 09 14 1f 
01 15 09 1b 0f 
01 15 09 1b 10 
01 15 09 1c 06 
01 15 09 1d 10 
01 15 09 1d 1f 
01 15 09 1e 0f 
01 15 09 1e 17 
01 15 09 25 0f 
01 15 0e 11 08 
01 15 0e 11 20 
01 15 0e 1e 00 
01 15 0e 1e 16 
01 15 0e 1e 18 
01 15 0f 03 0c 
01 15 0f 03 27 
01 15 0f 04 18 
01 15 0f 0a 00 
01 15 0f 0a 07 
01 15 0f 0a 18 
01 15 0f 0a 19 
01 15 0f 0a 20 
01 15 0f 0b 18 
01 15 0f 0c 18 
01 15 0f 0c 1f 
01 15 0f 0c 27 
01 15 0f 0d 18 
01 15 0f 10 18 
01 15 0f 10 19 
01 15 0f 10 1f 
01 15 0f 11 08 
01 15 0f 11 0a 
01 15 0f 11 10 
01 15 0f 11 18 
01 15 0f 14 18 
01 15 0f 1b 27 
01 15 0f 1d 00 
01 15 0f 1d 10 
01 15 0f 1d 1f 
01 15 0f 1e 00 
01 15 0f 1e 1f 
01 15 0f 25 27 
01 15 10 04 27 
01 15 10 0b 07 
01 15 10 0c 0f 
01 15 10 0c 20 
01 15 10 11 07 
01 15 10 11 09 
01 15 10 11 13 
01 15 10 11 20 
01 15 10 12 1f 
01 15 10 12 27 
01 15 10 14 1f 
01 15 10 1b 09 
01 15 10 1b 1f 
01 15 10 1b 27 
01 15 10 1d 09 
01 15 10 1d 0f 
01 15 10 1d 19 
01 15 10 1d 1f 
01 15 10 1d 27 
01 15 10 24 27 
01 15 10 25 07 
01 15 10 25 1f 
01 15 11 03 1f 
01 15 11 0a 14 
01 15 11 0b 19 
01 15 11 0b 1f 
01 15 11 10 08 
01 15 11 10 27 
01 15 11 11 08 
01 15 11 11 1f 
01 15 11 11 27 
01 15 11 14 08 
01 15 11 1b 08 
01 15 11 1c 06 
01 15 11 1e 00 
01 15 11 1e 07 
01 15 11 24 08 
01 15 17 03 12 
01 15 17 04 27 
01 15 17 0a 11 
01 15 17 0a 19 
01 15 17 0a 1f 
01 15 17 10 18 
01 15 17 10 27 
01 15 17 11 09 
01 15 17 11 18 
01 15 17 11 20 
01 15 17 11 27 
01 15 17 13 10 
01 15 17 14 00 
01 15 17 14 11 
01 15 17 14 27 
01 15 17 1b 10 
01 15 17 1e 09 
01 15 17 1e 12 
01 15 17 1e 14 
01 15 17 1e 20 
01 15 17 1e 27 
01 15 17 25 20 
01 15 18 04 00 
01 15 18 04 0f 
01 15 18 04 27 
01 15 18 0a 0f 
01 15 18 0a 10 
01 15 18 0a 12 
01 15 18 0b 0f 
01 15 18 0c 0f 
01 15 18 0d 00 
01 15 18 0d 0f 
01 15 18 0d 20 
01 15 18 10 00 
01 15 18 10 06 
01 15 18 10 0f 
01 15 18 10 17 
01 15 18 10 1e 
01 15 18 10 20 
01 15 18 11 00 
01 15 18 11 0f 
01 15 18 11 10 
01 15 18 11 17 
01 15 18 12 0f 
01 15 18 12 27 
01 15 18 13 17 
01 15 18 13 1e 
01 15 18 14 06 
01 15 18 14 0f 
01 15 18 1b 1e 
01 15 18 1d 0f 
01 15 18 1d 20 
01 15 18 1d 26 
01 15 18 1e 0f 
01 15 18 24 1e 
01 15 19 03 27 
01 15 19 04 09 
01 15 19 0a 09 
01 15 19 0a 0f 
01 15 19 0a 10 
01 15 19 0a 12 
01 15 19 0a 17 
01 15 19 0a 18 
01 15 19 0b 11 
01 15 19 0d 09 
01 15 19 10 08 
01 15 19 10 0f 
01 15 19 10 18 
01 15 19 10 27 
01 15 19 11 09 
01 15 19 11 18 
01 15 19 11 1e 
01 15 19 12 1e 
01 15 19 13 1f 
01 15 19 1b 1f 
01 15 19 1b 27 
01 15 19 1c 0e 
01 15 19 1c 0f 
01 15 19 1c 27 
01 15 19 1d 10 
01 15 19 1e 10 
01 15 19 1e 26 
01 15 19 1e 27 
01 15 19 24 1f 
01 15 19 24 27 
01 15 19 25 27 
01 15 1f 03 00 
01 15 1f 04 20 
01 15 1f 0a 17 
01 15 1f 0a 19 
01 15 1f 0a 1a 
01 15 1f 0b 11 
01 15 1f 0b 19 
01 15 1f 0b 20 
01 15 1f 0c 19 
01 15 1f 10 0f 
01 15 1f 10 19 
01 15 1f 10 1a 
01 15 1f 11 00 
01 15 1f 11 06 
01 15 1f 11 11 
01 15 1f 11 19 
01 15 1f 11 1a 
01 15 1f 12 10 
01 15 1f 12 19 
01 15 1f 13 18 
01 15 1f 1b 06 
01 15 1f 1b 08 
01 15 1f 1b 10 
01 15 1f 1b 12 
01 15 1f 1b 26 
01 15 1f 1d 0f 
01 15 1f 1e 04 
01 15 1f 1e 0f 
01 15 1f 24 19 
01 15 1f 25 08 
01 15 1f 25 10 
01 15 1f 25 12 
01 15 1f 25 19 
01 15 1f 
01 15 20 03 10 
01 15 20 03 27 
01 15 20 04 1f 
01 15 20 0a 00 
01 15 20 0a 09 
01 15 20 0a 0f 
01 15 20 0a 1a 
01 15 20 0b 0f 
01 15 20 0c 05 
01 15 20 0c 10 
01 15 20 0d 18 
01 15 20 10 18 
01 15 20 10 1a 
01 15 20 10 27 
01 15 20 11 0e 
01 15 20 11 17 
01 15 20 11 1a 
01 15 20 11 27 
01 15 20 12 00 
01 15 20 13 07 
01 15 20 13 08 
01 15 20 13 0f 
01 15 20 13 17 
01 15 20 13 27 
01 15 20 14 27 
01 15 20 1b 09 
01 15 20 1b 26 
01 15 20 1d 27 
01 15 20 1e 09 
01 15 20 1e 11 
01 15 20 1e 17 
01 15 20 24 09 
01 15 20 24 27 
01 15 20 25 08 
01 15 20 
01 15 27 03 08 
01 15 27 03 0f 
01 15 27 03 19 
01 15 27 03 20 
01 15 27 04 07 
01 15 27 04 10 
01 15 27 04 17 
01 15 27 04 18 
01 15 27 0c 25 
01 15 27 10 06 
01 15 27 10 07 
01 15 27 10 10 
01 15 27 10 17 
01 15 27 10 18 
01 15 27 10 19 
01 15 27 10 1a 
01 15 27 11 07 
01 15 27 11 17 
01 15 27 11 18 
01 15 27 11 1a 
01 15 27 12 04 
01 15 27 12 07 
01 15 27 12 0f 
01 15 27 12 10 
01 15 27 12 11 
01 15 27 12 17 
01 15 27 12 27 
01 15 27 14 06 
01 15 27 14 0f 
01 15 27 14 10 
01 15 27 14 20 
01 15 27 1b 0f 
01 15 27 1b 10 
01 15 27 1b 19 
01 15 27 1b 20 
01 15 27 1b 26 
01 15 27 1c 00 
01 15 27 1c 0f 
01 15 27 1d 10 
01 15 27 1d 21 
01 15 27 1e 07 
01 15 27 1e 17 
01 15 27 1e 19 
01 15 27 1e 1a 
01 15 27 1e 22 
01 15 27 24 10 
01 15 27 24 19 
01 15 27 24 20 
01 15 27 25 08 
01 15 27 
01 1b 04 04 08 
01 1b 04 0b 10 
01 1b 04 13 08 
01 1b 04 15 27 
01 1b 04 1c 10 
01 1b 04 1d 10 
01 1b 04 1f 10 
01 1b 04 1f 27 
01 1b 05 04 
01 1b 05 0c 
01 1b 06 0b 01 
01 1b 06 12 18 
01 1b 06 15 08 
01 1b 06 1c 10 
01 1b 06 1f 1f 
01 1b 06 26 1f 
01 1b 07 03 10 
01 1b 07 04 10 
01 1b 07 0b 11 
01 1b 07 0b 17 
01 1b 07 0d 10 
01 1b 07 0d 11 
01 1b 07 15 17 
01 1b 07 1c 10 
01 1b 07 1c 17 
01 1b 07 1c 27 
01 1b 07 1d 20 
01 1b 08 04 04 
01 1b 08 04 0d 
01 1b 08 04 10 
01 1b 08 04 11 
01 1b 08 0b 11 
01 1b 08 0b 16 
01 1b 08 0b 19 
01 1b 08 0b 27 
01 1b 08 0d 10 
01 1b 08 0d 19 
01 1b 08 12 11 
01 1b 08 12 16 
01 1b 08 13 04 
01 1b 08 13 0d 
01 1b 08 13 11 
01 1b 08 13 16 
01 1b 08 14 19 
01 1b 08 14 27 
01 1b 08 1d 0d 
01 1b 08 1d 10 
01 1b 08 1d 19 
01 1b 08 1d 27 
01 1b 08 1e 0d 
01 1b 08 1e 10 
01 1b 08 1e 11 
01 1b 08 1e 16 
01 1b 08 1f 0e 
01 1b 08 1f 10 
01 1b 08 1f 11 
01 1b 08 1f 16 
01 1b 08 25 10 
01 1b 08 26 10 
01 1b 08 26 11 
01 1b 08 26 16 
01 1b 09 04 10 
01 1b 09 04 27 
01 1b 09 0b 0e 
01 1b 09 0d 17 
01 1b 09 12 0e 
01 1b 09 12 19 
01 1b 09 13 0e 
01 1b 09 13 10 
01 1b 09 13 19 
01 1b 09 13 27 
01 1b 09 15 0f 
01 1b 09 15 10 
01 1b 09 1d 0c 
01 1b 09 1e 10 
01 1b 09 1f 0c 
01 1b 09 1f 0f 
01 1b 09 1f 17 
01 1b 09 1f 19 
01 1b 09 26 0f 
01 1b 09 26 18 
01 1b 09 26 19 
01 1b 09 26 27 
01 1b 09 
01 1b 0e 0b 10 
01 1b 0e 0d 19 
01 1b 0e 12 10 
01 1b 0e 1d 19 
01 1b 0e 1e 18 
01 1b 0e 1e 20 
01 1b 0e 1f 08 
01 1b 0e 1f 20 
01 1b 0f 04 09 
01 1b 0f 04 10 
01 1b 0f 0b 10 
01 1b 0f 0c 10 
01 1b 0f 0d 27 
01 1b 0f 12 09 
01 1b 0f 12 18 
01 1b 0f 12 27 
01 1b 0f 13 04 
01 1b 0f 13 09 
01 1b 0f 13 10 
01 1b 0f 13 16 
01 1b 0f 15 27 
01 1b 0f 1e 10 
01 1b 0f 1e 18 
01 1b 0f 1e 19 
01 1b 0f 1f 08 
01 1b 0f 1f 0a 
01 1b 0f 1f 10 
01 1b 0f 1f 18 
01 1b 0f 25 09 
01 1b 0f 25 19 
01 1b 0f 26 10 
01 1b 0f 26 18 
01 1b 10 03 04 
01 1b 10 03 07 
01 1b 10 04 07 
01 1b 10 04 08 
01 1b 10 04 09 
01 1b 10 04 0f 
01 1b 10 04 16 
01 1b 10 04 18 
01 1b 10 04 1e 
01 1b 10 04 20 
01 1b 10 0c 09 
01 1b 10 0c 0a 
01 1b 10 0c 0f 
01 1b 10 0c 19 
01 1b 10 0c 1e 
01 1b 10 0c 27 
01 1b 10 0d 07 
01 1b 10 0d 13 
01 1b 10 0d 16 
01 1b 10 0d 19 
01 1b 10 0d 1e 
01 1b 10 0d 20 
01 1b 10 0d 27 
01 1b 10 12 08 
01 1b 10 12 0f 
01 1b 10 12 16 
01 1b 10 12 18 
01 1b 10 12 1e 
01 1b 10 12 1f 
01 1b 10 12 20 
01 1b 10 13 08 
01 1b 10 13 0f 
01 1b 10 13 15 
01 1b 10 13 16 
01 1b 10 13 1e 
01 1b 10 13 1f 
01 1b 10 13 20 
01 1b 10 15 06 
01 1b 10 15 08 
01 1b 10 15 0a 
01 1b 10 15 0f 
01 1b 10 15 15 
01 1b 10 15 19 
01 1b 10 15 1e 
01 1b 10 1d 04 
01 1b 10 1d 08 
01 1b 10 1d 19 
01 1b 10 1d 20 
01 1b 10 1d 27 
01 1b 10 1e 08 
01 1b 10 1e 0a 
01 1b 10 1e 0f 
01 1b 10 1e 1e 
01 1b 10 1f 04 
01 1b 10 1f 08 
01 1b 10 1f 0a 
01 1b 10 1f 0f 
01 1b 10 1f 18 
01 1b 10 1f 1e 
01 1b 10 25 07 
01 1b 10 25 08 
01 1b 10 25 20 
01 1b 10 26 08 
01 1b 10 26 0a 
01 1b 10 26 0f 
01 1b 10 26 16 
01 1b 10 26 18 
01 1b 10 26 1e 
01 1b 10 26 1f 
01 1b 10 26 20 
01 1b 10 
01 1b 11 04 08 
01 1b 11 0b 07 
01 1b 11 0b 17 
01 1b 11 0b 19 
01 1b 11 0b 20 
01 1b 11 0b 27 
01 1b 11 0d 07 
01 1b 11 0d 10 
01 1b 11 0d 17 
01 1b 11 0d 1f 
01 1b 11 0d 27 
01 1b 11 12 08 
01 1b 11 12 27 
01 1b 11 13 08 
01 1b 11 14 08 
01 1b 11 14 19 
01 1b 11 15 08 
01 1b 11 1d 17 
01 1b 11 1d 1f 
01 1b 11 1e 10 
01 1b 11 1e 17 
01 1b 11 1f 08 
01 1b 11 1f 1f 
01 1b 11 1f 27 
01 1b 11 25 27 
01 1b 11 26 08 
01 1b 11 26 27 
01 1b 17 04 07 
01 1b 17 0b 07 
01 1b 17 0b 10 
01 1b 17 0d 09 
01 1b 17 0d 1f 
01 1b 17 0d 27 
01 1b 17 12 10 
01 1b 17 12 18 
01 1b 17 12 27 
01 1b 17 13 10 
01 1b 17 14 10 
01 1b 17 15 10 
01 1b 17 1e 00 
01 1b 17 1e 20 
01 1b 17 1e 27 
01 1b 17 1f 09 
01 1b 17 1f 18 
01 1b 17 1f 20 
01 1b 17 1f 27 
01 1b 17 26 10 
01 1b 17 26 19 
01 1b 18 04 10 
01 1b 18 0b 27 
01 1b 18 13 0f 
01 1b 18 13 27 
01 1b 18 1e 0e 
01 1b 18 1e 0f 
01 1b 18 1e 12 
01 1b 18 1e 1d 
01 1b 19 0b 08 
01 1b 19 0b 10 
01 1b 19 0b 11 
01 1b 19 0c 10 
01 1b 19 0d 08 
01 1b 19 0d 0e 
01 1b 19 0d 10 
01 1b 19 0d 27 
01 1b 19 12 09 
01 1b 19 12 1f 
01 1b 19 13 09 
01 1b 19 13 1f 
01 1b 19 14 08 
01 1b 19 15 1f 
01 1b 19 15 27 
01 1b 19 1d 08 
01 1b 19 1d 0e 
01 1b 19 1d 10 
01 1b 19 1e 08 
01 1b 19 1e 0f 
01 1b 19 1e 10 
01 1b 19 1e 1e 
01 1b 19 1e 27 
01 1b 19 1f 09 
01 1b 19 1f 18 
01 1b 19 1f 1e 
01 1b 19 25 0f 
01 1b 19 26 09 
01 1b 19 26 17 
01 1b 19 26 18 
01 1b 19 26 1f 
01 1b 1f 03 08 
01 1b 1f 04 04 
01 1b 1f 0b 10 
01 1b 1f 0d 11 
01 1b 1f 0d 17 
01 1b 1f 12 18 
01 1b 1f 12 19 
01 1b 1f 13 12 
01 1b 1f 13 18 
01 1b 1f 13 27 
01 1b 1f 15 06 
01 1b 1f 15 08 
01 1b 1f 15 10 
01 1b 1f 15 12 
01 1b 1f 15 26 
01 1b 1f 1d 11 
01 1b 1f 1d 27 
01 1b 1f 1e 07 
01 1b 1f 1f 00 
01 1b 1f 1f 06 
01 1b 1f 1f 11 
01 1b 1f 1f 19 
01 1b 1f 1f 1a 
01 1b 1f 26 06 
01 1b 1f 26 10 
01 1b 1f 26 18 
01 1b 1f 26 19 
01 1b 1f 26 1a 
01 1b 1f 26 20 
01 1b 20 03 10 
01 1b 20 04 07 
01 1b 20 04 10 
01 1b 20 04 19 
01 1b 20 04 27 
01 1b 20 0b 17 
01 1b 20 0b 26 
01 1b 20 0d 10 
01 1b 20 0d 19 
01 1b 20 12 27 
01 1b 20 13 27 
01 1b 20 15 09 
01 1b 20 15 26 
01 1b 20 1d 10 
01 1b 20 1d 27 
01 1b 20 1e 0e 
01 1b 20 1e 17 
01 1b 20 1e 27 
01 1b 20 1f 0e 
01 1b 20 1f 17 
01 1b 20 1f 1a 
01 1b 20 1f 27 
01 1b 20 25 10 
01 1b 20 26 06 
01 1b 20 26 10 
01 1b 20 26 19 
01 1b 20 26 1a 
01 1b 20 26 1f 
01 1b 20 26 27 
01 1b 27 03 1a 
01 1b 27 04 0f 
01 1b 27 04 10 
01 1b 27 04 18 
01 1b 27 0b 08 
01 1b 27 0b 10 
01 1b 27 0b 11 
01 1b 27 0b 18 
01 1b 27 0b 21 
01 1b 27 0c 0f 
01 1b 27 0c 10 
01 1b 27 0d 0f 
01 1b 27 0d 10 
01 1b 27 0d 11 
01 1b 27 0d 17 
01 1b 27 0d 19 
01 1b 27 12 0f 
01 1b 27 12 11 
01 1b 27 12 17 
01 1b 27 12 18 
01 1b 27 13 09 
01 1b 27 13 1f 
01 1b 27 14 08 
01 1b 27 15 09 
01 1b 27 15 0f 
01 1b 27 1d 08 
01 1b 27 1d 10 
01 1b 27 1d 1f 
01 1b 27 1d 21 
01 1b 27 1e 08 
01 1b 27 1e 17 
01 1b 27 1e 19 
01 1b 27 1f 11 
01 1b 27 1f 17 
01 1b 27 25 11 
01 1b 27 26 09 
01 1b 27 26 11 
01 1b 27 26 18 
01 1c 00 04 1f 
01 1c 00 13 1f 
01 1c 00 13 20 
01 1c 00 18 18 
01 1c 00 18 1f 
01 1c 00 1a 10 
01 1c 00 1f 0e 
01 1c 00 1f 0f 
01 1c 00 1f 11 
01 1c 00 1f 20 
01 1c 00 25 08 
01 1c 04 0c 10 
01 1c 04 18 10 
01 1c 04 18 27 
01 1c 04 19 10 
01 1c 04 1e 10 
01 1c 04 1f 10 
01 1c 04 1f 1f 
01 1c 05 0d 
01 1c 05 1f 20 
01 1c 06 0c 10 
01 1c 06 0d 10 
01 1c 06 15 10 
01 1c 06 18 1f 
01 1c 06 19 10 
01 1c 06 1a 10 
01 1c 06 24 10 
01 1c 07 0c 20 
01 1c 07 12 17 
01 1c 07 18 18 
01 1c 07 18 20 
01 1c 07 19 17 
01 1c 07 19 20 
01 1c 07 19 27 
01 1c 07 1a 10 
01 1c 07 1a 17 
01 1c 07 1a 27 
01 1c 07 1e 20 
01 1c 07 1f 10 
01 1c 07 1f 11 
01 1c 07 1f 27 
01 1c 07 26 17 
01 1c 08 18 0e 
01 1c 08 18 10 
01 1c 08 18 11 
01 1c 08 18 16 
01 1c 08 19 0d 
01 1c 08 19 16 
01 1c 08 19 19 
01 1c 08 19 1f 
01 1c 08 19 20 
01 1c 08 1e 0d 
01 1c 08 1e 10 
01 1c 08 1e 19 
01 1c 08 1e 27 
01 1c 08 1f 10 
01 1c 08 25 17 
01 1c 09 03 10 
01 1c 09 15 06 
01 1c 09 18 0c 
01 1c 09 18 0f 
01 1c 09 18 17 
01 1c 09 18 19 
01 1c 09 19 10 
01 1c 09 19 16 
01 1c 09 19 1f 
01 1c 09 1a 10 
01 1c 09 1a 27 
01 1c 09 1e 0c 
01 1c 09 1f 0f 
01 1c 09 1f 17 
01 1c 09 25 1f 
01 1c 0e 0c 20 
01 1c 0e 14 
01 1c 0e 18 08 
01 1c 0e 18 20 
01 1c 0e 1a 18 
01 1c 0e 1e 19 
01 1c 0e 1f 00 
01 1c 0e 1f 16 
01 1c 0e 1f 18 
01 1c 0e 25 10 
01 1c 0f 03 10 
01 1c 0f 03 1f 
01 1c 0f 0b 10 
01 1c 0f 0c 10 
01 1c 0f 0c 20 
01 1c 0f 18 08 
01 1c 0f 18 0a 
01 1c 0f 18 10 
01 1c 0f 18 18 
01 1c 0f 19 10 
01 1c 0f 19 16 
01 1c 0f 1a 10 
01 1c 0f 1a 16 
01 1c 0f 1a 18 
01 1c 0f 1a 1f 
01 1c 0f 1e 27 
01 1c 0f 1f 00 
01 1c 0f 1f 1f 
01 1c 0f 25 10 
01 1c 0f 25 1f 
01 1c 10 03 04 
01 1c 10 03 09 
01 1c 10 03 0f 
01 1c 10 03 15 
01 1c 10 03 19 
01 1c 10 03 20 
01 1c 10 04 1e 
01 1c 10 04 1f 
01 1c 10 04 20 
01 1c 10 0c 04 
01 1c 10 0c 06 
01 1c 10 0c 0a 
01 1c 10 0c 0e 
01 1c 10 0d 06 
01 1c 10 0d 19 
01 1c 10 0d 1f 
01 1c 10 12 06 
01 1c 10 12 16 
01 1c 10 12 19 
01 1c 10 13 16 
01 1c 10 15 00 
01 1c 10 15 0f 
01 1c 10 15 20 
01 1c 10 18 04 
01 1c 10 18 08 
01 1c 10 18 0a 
01 1c 10 18 0f 
01 1c 10 18 18 
01 1c 10 18 1e 
01 1c 10 19 06 
01 1c 10 19 09 
01 1c 10 19 0f 
01 1c 10 19 13 
01 1c 10 19 19 
01 1c 10 19 1e 
01 1c 10 19 20 
01 1c 10 1a 00 
01 1c 10 1a 06 
01 1c 10 1a 07 
01 1c 10 1a 09 
01 1c 10 1a 0f 
01 1c 10 1a 27 
01 1c 10 1d 04 
01 1c 10 1d 06 
01 1c 10 1d 09 
01 1c 10 1d 0f 
01 1c 10 1d 13 
01 1c 10 1d 15 
01 1c 10 1e 04 
01 1c 10 1e 08 
01 1c 10 1e 19 
01 1c 10 1e 20 
01 1c 10 1e 27 
01 1c 10 1f 04 
01 1c 10 1f 07 
01 1c 10 1f 08 
01 1c 10 1f 0a 
01 1c 10 1f 11 
01 1c 10 1f 19 
01 1c 10 1f 1e 
01 1c 10 24 06 
01 1c 10 24 1e 
01 1c 10 24 1f 
01 1c 10 24 20 
01 1c 10 25 0e 
01 1c 10 25 0f 
01 1c 10 25 1e 
01 1c 10 25 1f 
01 1c 10 25 20 
01 1c 10 26 16 
01 1c 10 26 19 
01 1c 17 0c 07 
01 1c 17 12 10 
01 1c 17 13 10 
01 1c 17 18 09 
01 1c 17 18 18 
01 1c 17 18 20 
01 1c 17 18 27 
01 1c 17 19 07 
01 1c 17 1a 07 
01 1c 17 1a 27 
01 1c 17 1d 09 
01 1c 17 1d 11 
01 1c 17 1d 20 
01 1c 17 1d 27 
01 1c 17 1f 09 
01 1c 17 1f 12 
01 1c 17 1f 14 
01 1c 17 1f 20 
01 1c 17 1f 27 
01 1c 17 26 07 
01 1c 17 26 10 
01 1c 19 03 10 
01 1c 19 0c 1f 
01 1c 19 0d 10 
01 1c 19 12 1f 
01 1c 19 13 1f 
01 1c 19 18 09 
01 1c 19 18 18 
01 1c 19 18 1e 
01 1c 19 19 08 
01 1c 19 19 10 
01 1c 19 19 1f 
01 1c 19 1c 08 
01 1c 19 1c 09 
01 1c 19 1c 0e 
01 1c 19 1c 10 
01 1c 19 1c 18 
01 1c 19 1c 1e 
01 1c 19 1c 1f 
01 1c 19 1e 08 
01 1c 19 1e 0e 
01 1c 19 1e 10 
01 1c 19 1f 10 
01 1c 19 1f 26 
01 1c 19 1f 27 
01 1c 19 26 10 
01 1c 19 26 1f 
01 1c 1f 03 0f 
01 1c 1f 03 12 
01 1c 1f 03 26 
01 1c 1f 0b 10 
01 1c 1f 0c 18 
01 1c 1f 0c 20 
01 1c 1f 0d 10 
01 1c 1f 12 18 
01 1c 1f 13 18 
01 1c 1f 18 00 
01 1c 1f 18 06 
01 1c 1f 18 11 
01 1c 1f 18 19 
01 1c 1f 18 1a 
01 1c 1f 19 04 
01 1c 1f 19 08 
01 1c 1f 19 09 
01 1c 1f 19 11 
01 1c 1f 19 18 
01 1c 1f 1a 0f 
01 1c 1f 1a 1a 
01 1c 1f 1c 10 
01 1c 1f 1c 18 
01 1c 1f 1c 1a 
01 1c 1f 1e 11 
01 1c 1f 1e 27 
01 1c 1f 1f 04 
01 1c 1f 1f 0f 
01 1c 1f 24 10 
01 1c 1f 25 09 
01 1c 1f 25 0f 
01 1c 1f 25 10 
01 1c 1f 25 20 
01 1c 1f 26 18 
01 1c 20 03 00 
01 1c 20 03 10 
01 1c 20 03 26 
01 1c 20 03 27 
01 1c 20 04 00 
01 1c 20 04 10 
01 1c 20 04 27 
01 1c 20 0b 0f 
01 1c 20 0c 1f 
01 1c 20 0d 19 
01 1c 20 14 00 
01 1c 20 18 0e 
01 1c 20 18 17 
01 1c 20 18 1a 
01 1c 20 18 27 
01 1c 20 19 06 
01 1c 20 19 0e 
01 1c 20 19 27 
01 1c 20 1a 00 
01 1c 20 1a 06 
01 1c 20 1a 07 
01 1c 20 1a 10 
01 1c 20 1a 1a 
01 1c 20 1b 06 
01 1c 20 1b 0e 
01 1c 20 1b 0f 
01 1c 20 1b 17 
01 1c 20 1b 27 
01 1c 20 1e 10 
01 1c 20 1e 27 
01 1c 20 1f 09 
01 1c 20 1f 11 
01 1c 20 1f 17 
01 1c 20 24 06 
01 1c 20 24 10 
01 1c 20 25 10 
01 1c 20 25 1f 
01 1d 00 0b 09 
01 1d 00 0c 0f 
01 1d 00 0d 17 
01 1d 00 12 17 
01 1d 00 12 18 
01 1d 00 13 10 
01 1d 00 15 0f 
01 1d 00 15 20 
01 1d 00 18 17 
01 1d 00 19 18 
01 1d 00 19 1f 
01 1d 00 1a 09 
01 1d 00 1c 0f 
01 1d 00 1c 11 
01 1d 00 1c 27 
01 1d 04 04 10 
01 1d 04 04 18 
01 1d 04 04 1f 
01 1d 04 0c 10 
01 1d 04 12 1f 
01 1d 04 15 09 
01 1d 04 15 1f 
01 1d 04 19 10 
01 1d 04 19 27 
01 1d 04 1a 10 
01 1d 04 1c 10 
01 1d 04 1c 1f 
01 1d 04 1c 27 
01 1d 04 25 10 
01 1d 04 25 1f 
01 1d 05 03 
01 1d 05 14 
01 1d 05 24 
01 1d 06 04 10 
01 1d 06 04 1f 
01 1d 06 0d 10 
01 1d 06 0d 1f 
01 1d 06 12 09 
01 1d 06 15 20 
01 1d 06 19 1f 
01 1d 06 1a 10 
01 1d 06 1c 01 
01 1d 06 1c 1f 
01 1d 06 1c 20 
01 1d 06 26 10 
01 1d 07 04 09 
01 1d 07 04 10 
01 1d 07 04 17 
01 1d 07 0b 17 
01 1d 07 0c 27 
01 1d 07 0d 27 
01 1d 07 12 09 
01 1d 07 15 09 
01 1d 07 15 0e 
01 1d 07 15 17 
01 1d 07 18 10 
01 1d 07 18 1f 
01 1d 07 1a 11 
01 1d 07 1a 27 
01 1d 07 1c 10 
01 1d 07 1c 1f 
01 1d 07 24 17 
01 1d 07 24 27 
01 1d 07 
01 1d 08 04 27 
01 1d 08 0b 19 
01 1d 08 0b 27 
01 1d 08 0d 27 
01 1d 08 12 0d 
01 1d 08 12 27 
01 1d 08 13 00 
01 1d 08 18 10 
01 1d 08 18 19 
01 1d 08 18 27 
01 1d 08 19 0e 
01 1d 08 19 10 
01 1d 08 19 11 
01 1d 08 19 16 
01 1d 08 1a 11 
01 1d 08 1a 1f 
01 1d 08 1c 05 
01 1d 08 1c 0d 
01 1d 08 1c 0e 
01 1d 08 1c 10 
01 1d 08 1c 11 
01 1d 08 1c 1f 
01 1d 09 04 07 
01 1d 09 04 1f 
01 1d 09 0c 00 
01 1d 09 0d 16 
01 1d 09 12 06 
01 1d 09 12 10 
01 1d 09 13 06 
01 1d 09 13 19 
01 1d 09 13 1f 
01 1d 09 15 10 
01 1d 09 15 1f 
01 1d 09 18 10 
01 1d 09 19 0c 
01 1d 09 19 0f 
01 1d 09 19 17 
01 1d 09 19 19 
01 1d 09 1a 0f 
01 1d 09 1a 10 
01 1d 09 1c 0e 
01 1d 09 1c 0f 
01 1d 09 1c 10 
01 1d 09 1c 19 
01 1d 09 1c 1f 
01 1d 09 25 17 
01 1d 09 25 1f 
01 1d 0e 03 
01 1d 0e 12 27 
01 1d 0e 13 00 
01 1d 0e 13 18 
01 1d 0e 14 
01 1d 0e 18 18 
01 1d 0e 18 20 
01 1d 0e 19 08 
01 1d 0e 19 20 
01 1d 0e 1c 19 
01 1d 0e 25 1f 
01 1d 0e 26 10 
01 1d 0f 04 19 
01 1d 0f 04 27 
01 1d 0f 0c 00 
01 1d 0f 0c 10 
01 1d 0f 0d 18 
01 1d 0f 13 10 
01 1d 0f 15 00 
01 1d 0f 15 10 
01 1d 0f 15 1f 
01 1d 0f 18 10 
01 1d 0f 18 18 
01 1d 0f 18 19 
01 1d 0f 19 08 
01 1d 0f 19 0a 
01 1d 0f 19 10 
01 1d 0f 19 18 
01 1d 0f 1a 16 
01 1d 0f 1a 1f 
01 1d 0f 1c 10 
01 1d 0f 24 10 
01 1d 10 04 04 
01 1d 10 04 07 
01 1d 10 04 12 
01 1d 10 04 1e 
01 1d 10 0c 04 
01 1d 10 0d 06 
01 1d 10 0d 12 
01 1d 10 0d 27 
01 1d 10 12 04 
01 1d 10 12 0e 
01 1d 10 13 04 
01 1d 10 13 06 
01 1d 10 13 09 
01 1d 10 13 0e 
01 1d 10 13 11 
01 1d 10 13 13 
01 1d 10 13 16 
01 1d 10 13 19 
01 1d 10 15 04 
01 1d 10 15 12 
01 1d 10 15 18 
01 1d 10 15 1e 
01 1d 10 18 07 
01 1d 10 18 08 
01 1d 10 18 09 
01 1d 10 18 0f 
01 1d 10 18 11 
01 1d 10 18 12 
01 1d 10 18 13 
01 1d 10 18 16 
01 1d 10 18 19 
01 1d 10 18 1e 
01 1d 10 19 04 
01 1d 10 19 0a 
01 1d 10 19 13 
01 1d 10 19 19 
01 1d 10 19 1e 
01 1d 10 19 1f 
01 1d 10 19 27 
01 1d 10 1a 06 
01 1d 10 1a 09 
01 1d 10 1a 15 
01 1d 10 1a 19 
01 1d 10 1a 20 
01 1d 10 1b 06 
01 1d 10 1b 07 
01 1d 10 1b 0f 
01 1d 10 1b 19 
01 1d 10 1c 04 
01 1d 10 1c 07 
01 1d 10 1c 08 
01 1d 10 1c 09 
01 1d 10 1c 0a 
01 1d 10 1c 0f 
01 1d 10 1c 11 
01 1d 10 1c 15 
01 1d 10 1c 18 
01 1d 10 1c 1e 
01 1d 10 1c 20 
01 1d 10 24 06 
01 1d 10 24 0f 
01 1d 10 25 04 
01 1d 10 25 20 
01 1d 10 26 06 
01 1d 10 26 0e 
01 1d 10 26 18 
01 1d 10 
01 1d 11 12 17 
01 1d 11 13 10 
01 1d 11 13 14 
01 1d 11 18 10 
01 1d 11 18 17 
01 1d 11 19 08 
01 1d 11 19 1f 
01 1d 11 19 27 
01 1d 11 1a 07 
01 1d 11 1a 08 
01 1d 11 1a 14 
01 1d 11 1a 17 
01 1d 11 1a 19 
01 1d 11 1a 1f 
01 1d 11 1a 20 
01 1d 11 1a 27 
01 1d 11 1c 00 
01 1d 11 1c 08 
01 1d 11 1c 1f 
01 1d 17 04 07 
01 1d 17 0b 07 
01 1d 17 0d 00 
01 1d 17 0d 1f 
01 1d 17 0d 27 
01 1d 17 12 00 
01 1d 17 12 11 
01 1d 17 12 27 
01 1d 17 13 00 
01 1d 17 13 11 
01 1d 17 14 00 
01 1d 17 18 00 
01 1d 17 18 20 
01 1d 17 18 27 
01 1d 17 19 09 
01 1d 17 19 18 
01 1d 17 19 20 
01 1d 17 19 27 
01 1d 18 04 04 
01 1d 18 0b 27 
01 1d 18 0d 0f 
01 1d 18 0d 27 
01 1d 18 13 12 
01 1d 18 13 26 
01 1d 18 18 0e 
01 1d 18 18 0f 
01 1d 18 18 12 
01 1d 18 18 1d 
01 1d 18 19 0f 
01 1d 18 1a 1d 
01 1d 18 1a 27 
01 1d 18 1b 0f 
01 1d 18 1b 10 
01 1d 18 1c 0f 
01 1d 18 1c 10 
01 1d 18 1c 12 
01 1d 18 1c 27 
01 1d 19 03 08 
01 1d 19 04 0f 
01 1d 19 04 18 
01 1d 19 04 1f 
01 1d 19 04 27 
01 1d 19 13 09 
01 1d 19 13 10 
01 1d 19 13 12 
01 1d 19 15 10 
01 1d 19 18 08 
01 1d 19 18 0f 
01 1d 19 18 10 
01 1d 19 18 1e 
01 1d 19 18 27 
01 1d 19 19 09 
01 1d 19 19 18 
01 1d 19 19 1e 
01 1d 19 1a 10 
01 1d 19 1a 11 
01 1d 19 1a 12 
01 1d 19 1b 08 
01 1d 19 1b 09 
01 1d 19 1b 0e 
01 1d 19 1b 10 
01 1d 19 1b 18 
01 1d 19 1b 1e 
01 1d 19 1b 1f 
01 1d 19 1c 09 
01 1d 19 1c 1e 
01 1d 1f 03 04 
01 1d 1f 04 04 
01 1d 1f 04 08 
01 1d 1f 04 09 
01 1d 1f 0b 09 
01 1d 1f 0c 08 
01 1d 1f 0c 17 
01 1d 1f 0d 06 
01 1d 1f 0d 17 
01 1d 1f 12 04 
01 1d 1f 12 10 
01 1d 1f 12 12 
01 1d 1f 12 20 
01 1d 1f 12 26 
01 1d 1f 13 09 
01 1d 1f 15 04 
01 1d 1f 15 07 
01 1d 1f 15 09 
01 1d 1f 15 0f 
01 1d 1f 15 10 
01 1d 1f 15 18 
01 1d 1f 18 06 
01 1d 1f 18 1d 
01 1d 1f 18 1f 
01 1d 1f 19 04 
01 1d 1f 19 06 
01 1d 1f 19 09 
01 1d 1f 19 1d 
01 1d 1f 19 1f 
01 1d 1f 1a 1f 
01 1d 1f 1c 04 
01 1d 1f 1c 06 
01 1d 1f 1c 08 
01 1d 1f 1c 10 
01 1d 1f 1c 1d 
01 1d 1f 25 04 
01 1d 1f 25 08 
01 1d 1f 25 09 
01 1d 1f 25 0e 
01 1d 1f 25 20 
01 1d 20 03 10 
01 1d 20 04 1a 
01 1d 20 04 27 
01 1d 20 0b 10 
01 1d 20 0b 26 
01 1d 20 12 00 
01 1d 20 12 1f 
01 1d 20 13 00 
01 1d 20 13 06 
01 1d 20 13 27 
01 1d 20 15 27 
01 1d 20 18 0e 
01 1d 20 18 17 
01 1d 20 18 27 
01 1d 20 19 0e 
01 1d 20 19 17 
01 1d 20 19 1a 
01 1d 20 19 27 
01 1d 20 1a 27 
01 1d 20 1c 07 
01 1d 20 1c 0f 
01 1d 20 1c 10 
01 1d 20 1c 19 
01 1d 20 1c 1f 
01 1d 20 1c 26 
01 1d 20 1c 27 
01 1d 20 25 10 
01 1d 20 25 17 
01 1d 20 25 1f 
01 1d 20 26 07 
01 1d 20 26 18 
01 1d 20 26 19 
01 1d 27 04 07 
01 1d 27 04 08 
01 1d 27 04 10 
01 1d 27 04 17 
01 1d 27 0b 08 
01 1d 27 0b 18 
01 1d 27 0c 07 
01 1d 27 0d 07 
01 1d 27 0d 08 
01 1d 27 0d 10 
01 1d 27 0d 17 
01 1d 27 0d 18 
01 1d 27 12 08 
01 1d 27 12 0e 
01 1d 27 12 17 
01 1d 27 15 00 
01 1d 27 19 11 
01 1d 27 19 17 
01 1d 27 1a 07 
01 1d 27 1a 11 
01 1d 27 1a 18 
01 1d 27 1a 1a 
01 1d 27 1c 00 
01 1d 27 1c 18 
01 1d 27 1c 1a 
01 24 04 0b 10 
01 24 04 15 27 
01 24 04 1a 08 
01 24 04 20 10 
01 24 04 20 27 
01 24 06 03 10 
01 24 06 1a 1f 
01 24 06 1c 10 
01 24 06 1d 10 
01 24 06 20 1f 
01 24 06 24 10 
01 24 07 04 17 
01 24 07 0b 17 
01 24 07 15 17 
01 24 07 1a 10 
01 24 08 04 11 
01 24 08 0b 19 
01 24 08 0d 11 
01 24 08 0d 19 
01 24 08 0d 27 
01 24 08 13 04 
01 24 08 13 11 
01 24 08 13 16 
01 24 08 13 27 
01 24 08 14 
01 24 08 1a 04 
01 24 08 1a 0d 
01 24 08 1a 10 
01 24 08 20 0e 
01 24 08 20 10 
01 24 08 20 11 
01 24 08 20 16 
01 24 08 25 27 
01 24 08 26 10 
01 24 08 26 11 
01 24 08 26 16 
01 24 09 03 10 
01 24 09 03 27 
01 24 09 04 10 
01 24 09 04 27 
01 24 09 0b 0e 
01 24 09 0d 17 
01 24 09 13 0e 
01 24 09 13 19 
01 24 09 13 1f 
01 24 09 1a 19 
01 24 09 1a 27 
01 24 09 20 0c 
01 24 09 20 0f 
01 24 09 20 17 
01 24 09 20 19 
01 24 0e 03 27 
01 24 0e 0b 10 
01 24 0e 13 10 
01 24 0e 13 27 
01 24 0e 14 
01 24 0e 20 08 
01 24 0e 20 20 
01 24 0e 25 27 
01 24 0e 26 20 
01 24 0f 0b 10 
01 24 0f 0c 18 
01 24 0f 0d 10 
01 24 0f 13 09 
01 24 0f 14 
01 24 0f 1a 09 
01 24 0f 1a 10 
01 24 0f 1a 18 
01 24 0f 1d 10 
01 24 0f 20 08 
01 24 0f 20 0a 
01 24 0f 20 10 
01 24 0f 20 18 
01 24 0f 26 10 
01 24 0f 26 18 
01 24 0f 26 19 
01 24 0f 26 1f 
01 24 10 03 04 
01 24 10 03 06 
01 24 10 03 09 
01 24 10 03 16 
01 24 10 03 19 
01 24 10 03 1e 
01 24 10 03 1f 
01 24 10 04 09 
01 24 10 04 18 
01 24 10 04 19 
01 24 10 04 1e 
01 24 10 04 20 
01 24 10 0c 09 
01 24 10 0c 0f 
01 24 10 0c 19 
01 24 10 0c 1e 
01 24 10 0c 27 
01 24 10 0d 0f 
01 24 10 0d 19 
01 24 10 0d 1e 
01 24 10 0d 1f 
01 24 10 0d 20 
01 24 10 0d 27 
01 24 10 13 04 
01 24 10 13 08 
01 24 10 13 16 
01 24 10 13 1e 
01 24 10 13 1f 
01 24 10 13 20 
01 24 10 15 06 
01 24 10 15 19 
01 24 10 15 1e 
01 24 10 15 1f 
01 24 10 1a 07 
01 24 10 1a 08 
01 24 10 1a 0f 
01 24 10 1a 13 
01 24 10 1a 15 
01 24 10 1a 16 
01 24 10 1a 1e 
01 24 10 1a 20 
01 24 10 1c 06 
01 24 10 1c 1e 
01 24 10 1c 1f 
01 24 10 1c 20 
01 24 10 20 04 
01 24 10 20 08 
01 24 10 20 0a 
01 24 10 20 0f 
01 24 10 20 18 
01 24 10 20 1e 
01 24 10 25 19 
01 24 10 25 1e 
01 24 10 25 20 
01 24 10 25 27 
01 24 10 26 04 
01 24 10 26 08 
01 24 10 26 0f 
01 24 10 26 15 
01 24 10 26 1e 
01 24 10 
01 24 11 04 08 
01 24 11 0b 27 
01 24 11 13 08 
01 24 11 14 08 
01 24 11 15 08 
01 24 11 1a 10 
01 24 11 20 08 
01 24 11 20 1f 
01 24 11 20 27 
01 24 11 26 27 
01 24 17 0b 07 
01 24 17 0b 10 
01 24 17 0d 09 
01 24 17 0d 18 
01 24 17 0d 20 
01 24 17 13 10 
01 24 17 14 10 
01 24 17 1a 10 
01 24 17 1a 27 
01 24 17 20 09 
01 24 17 20 18 
01 24 17 20 20 
01 24 17 20 27 
01 24 17 26 18 
01 24 17 26 20 
01 24 18 04 10 
01 24 18 0b 27 
01 24 18 0d 17 
01 24 18 15 1e 
01 24 18 1a 09 
01 24 18 1a 0f 
01 24 18 1a 10 
01 24 18 1a 1e 
01 24 18 1a 27 
01 24 18 20 00 
01 24 18 20 0f 
01 24 18 20 10 
01 24 18 20 17 
01 24 19 03 04 
01 24 19 03 10 
01 24 19 04 10 
01 24 19 0b 08 
01 24 19 0b 09 
01 24 19 0b 10 
01 24 19 0c 10 
01 24 19 0d 08 
01 24 19 0d 10 
01 24 19 0d 27 
01 24 19 13 09 
01 24 19 13 1f 
01 24 19 15 1f 
01 24 19 15 27 
01 24 19 1a 09 
01 24 19 1a 18 
01 24 19 1a 1f 
01 24 19 1c 08 
01 24 19 1c 0e 
01 24 19 1c 10 
01 24 19 20 09 
01 24 19 20 18 
01 24 19 20 1e 
01 24 19 25 10 
01 24 19 26 08 
01 24 19 26 0f 
01 24 19 26 10 
01 24 19 26 27 
01 24 1f 03 10 
01 24 1f 03 19 
01 24 1f 04 10 
01 24 1f 04 19 
01 24 1f 0c 19 
01 24 1f 0d 10 
01 24 1f 0d 19 
01 24 1f 13 06 
01 24 1f 13 09 
01 24 1f 13 18 
01 24 1f 13 19 
01 24 1f 15 19 
01 24 1f 1a 06 
01 24 1f 1a 12 
01 24 1f 1a 18 
01 24 1f 1a 1a 
01 24 1f 1a 20 
01 24 1f 20 00 
01 24 1f 20 06 
01 24 1f 20 11 
01 24 1f 20 19 
01 24 1f 20 1a 
01 24 1f 25 19 
01 24 1f 26 08 
01 24 1f 26 0f 
01 24 1f 26 19 
01 24 1f 26 26 
01 24 1f 26 27 
01 24 20 03 10 
01 24 20 03 19 
01 24 20 04 10 
01 24 20 04 27 
01 24 20 0b 26 
01 24 20 0d 10 
01 24 20 0d 17 
01 24 20 0d 19 
01 24 20 13 27 
01 24 20 15 09 
01 24 20 15 27 
01 24 20 1a 06 
01 24 20 1a 07 
01 24 20 1a 10 
01 24 20 1a 19 
01 24 20 1a 1a 
01 24 20 1a 1f 
01 24 20 1a 27 
01 24 20 1c 06 
01 24 20 1c 10 
01 24 20 20 0e 
01 24 20 20 17 
01 24 20 20 1a 
01 24 20 20 27 
01 24 20 25 10 
01 24 20 26 0e 
01 24 20 26 17 
01 24 20 26 26 
01 24 20 26 27 
01 24 27 03 09 
01 24 27 03 0e 
01 24 27 03 1a 
01 24 27 04 08 
01 24 27 04 10 
01 24 27 04 18 
01 24 27 0b 10 
01 24 27 0b 11 
01 24 27 0b 18 
01 24 27 0b 21 
01 24 27 0c 10 
01 24 27 0d 08 
01 24 27 0d 10 
01 24 27 0d 19 
01 24 27 13 08 
01 24 27 13 0e 
01 24 27 1a 09 
01 24 27 1a 17 
01 24 27 1c 10 
01 24 27 20 11 
01 24 27 20 17 
01 24 27 25 08 
01 24 27 25 0e 
01 24 27 25 10 
01 24 27 26 08 
01 24 27 26 11 
01 24 27 26 19 
01 24 27 26 1f 
01 25 00 04 10 
01 25 00 14 
01 25 04 0b 
01 25 04 14 
01 25 04 15 08 
01 25 04 1d 10 
01 25 04 1d 1f 
01 25 04 21 10 
01 25 04 21 27 
01 25 04 24 08 
01 25 05 0b 
01 25 05 14 
01 25 06 0b 
01 25 06 13 10 
01 25 06 13 18 
01 25 06 14 
01 25 06 15 1f 
01 25 06 1a 10 
01 25 06 1a 1f 
01 25 06 20 10 
01 25 06 21 1f 
01 25 06 22 10 
01 25 06 24 1f 
01 25 07 04 09 
01 25 07 04 10 
01 25 07 0c 18 
01 25 07 14 
01 25 07 15 10 
01 25 07 15 1f 
01 25 07 15 27 
01 25 07 1a 09 
01 25 07 1b 10 
01 25 07 21 09 
01 25 08 04 17 
01 25 08 13 1f 
01 25 08 1a 10 
01 25 08 1a 1f 
01 25 08 1b 10 
01 25 08 1c 17 
01 25 08 20 10 
01 25 08 20 19 
01 25 08 20 1f 
01 25 08 20 27 
01 25 08 21 0e 
01 25 08 21 10 
01 25 08 21 11 
01 25 08 21 16 
01 25 08 22 10 
01 25 08 22 1f 
01 25 08 22 20 
01 25 08 23 1f 
01 25 08 24 04 
01 25 08 24 11 
01 25 09 04 07 
01 25 09 0b 0e 
01 25 09 13 18 
01 25 09 13 27 
01 25 09 15 0f 
01 25 09 1a 07 
01 25