10 03 00 00 09 
10 03 00 04 09 
10 03 00 04 1f 
10 03 00 06 04 
10 03 00 06 09 
10 03 00 06 0f 
10 03 00 06 19 
10 03 00 06 1f 
10 03 00 06 27 
10 03 00 07 09 
10 03 00 0d 1f 
10 03 00 13 09 
10 03 00 13 19 
10 03 00 13 1e 
10 03 00 13 1f 
10 03 00 13 27 
10 03 00 15 08 
10 03 00 15 0f 
10 03 00 15 18 
10 03 00 15 19 
10 03 00 15 1f 
10 03 00 1b 1f 
10 03 00 1c 09 
10 03 00 1c 1f 
10 03 00 24 16 
10 03 00 24 19 
10 03 00 24 20 
10 03 00 24 27 
10 03 01 00 00 
10 03 01 00 19 
10 03 01 00 20 
10 03 01 04 00 
10 03 01 04 07 
10 03 01 04 0f 
10 03 01 04 27 
10 03 01 05 04 
10 03 01 05 0f 
10 03 01 05 15 
10 03 01 05 18 
10 03 01 06 0a 
10 03 01 06 0f 
10 03 01 06 18 
10 03 01 06 1e 
10 03 01 07 04 
10 03 01 07 08 
10 03 01 07 0a 
10 03 01 07 0f 
10 03 01 07 18 
10 03 01 07 1e 
10 03 01 0c 00 
10 03 01 0c 06 
10 03 01 0c 07 
10 03 01 0c 0f 
10 03 01 0c 18 
10 03 01 0c 19 
10 03 01 0c 1e 
10 03 01 0c 20 
10 03 01 0d 07 
10 03 01 0d 19 
10 03 01 0d 1f 
10 03 01 0d 20 
10 03 01 0e 00 
10 03 01 0e 06 
10 03 01 0e 09 
10 03 01 0e 0f 
10 03 01 0e 12 
10 03 01 0e 18 
10 03 01 0e 19 
10 03 01 0e 1e 
10 03 01 0e 20 
10 03 01 13 08 
10 03 01 13 09 
10 03 01 13 0f 
10 03 01 13 16 
10 03 01 13 19 
10 03 01 13 1e 
10 03 01 15 00 
10 03 01 15 06 
10 03 01 15 08 
10 03 01 15 09 
10 03 01 15 0f 
10 03 01 1b 04 
10 03 01 1b 07 
10 03 01 1c 04 
10 03 01 1c 09 
10 03 01 1c 0f 
10 03 01 1c 15 
10 03 01 1c 19 
10 03 01 1c 20 
10 03 01 24 04 
10 03 01 24 06 
10 03 01 24 09 
10 03 01 24 16 
10 03 01 24 19 
10 03 01 24 1e 
10 03 01 24 1f 
10 03 01 25 27 
10 03 08 00 01 
10 03 08 00 02 
10 03 08 00 0d 
10 03 08 00 18 
10 03 08 00 19 
10 03 08 00 1e 
10 03 08 00 1f 
10 03 08 00 27 
10 03 08 04 1f 
10 03 08 05 0d 
10 03 08 05 1f 
10 03 08 06 00 
10 03 08 06 0d 
10 03 08 06 18 
10 03 08 06 1e 
10 03 08 06 1f 
10 03 08 06 27 
10 03 08 07 02 
10 03 08 07 1f 
10 03 08 0d 1f 
10 03 08 0e 00 
10 03 08 0e 02 
10 03 08 0e 0d 
10 03 08 0e 19 
10 03 08 0e 1e 
10 03 08 0e 1f 
10 03 08 0e 27 
10 03 08 13 27 
10 03 08 1b 1f 
10 03 08 24 13 
10 03 08 24 27 
10 03 09 04 00 
10 03 09 04 02 
10 03 09 04 0e 
10 03 09 04 18 
10 03 09 04 1e 
10 03 09 05 0e 
10 03 09 05 0f 
10 03 09 05 18 
10 03 09 06 0e 
10 03 09 06 12 
10 03 09 06 18 
10 03 09 06 1e 
10 03 09 07 00 
10 03 09 07 02 
10 03 09 07 0c 
10 03 09 07 0e 
10 03 09 07 16 
10 03 09 07 18 
10 03 09 07 1e 
10 03 09 07 20 
10 03 09 0c 01 
10 03 09 0c 0e 
10 03 09 0c 18 
10 03 09 0c 19 
10 03 09 0c 1e 
10 03 09 0c 20 
10 03 09 0d 18 
10 03 09 0d 19 
10 03 09 0d 1f 
10 03 09 0d 20 
10 03 09 0e 00 
10 03 09 0e 01 
10 03 09 0e 02 
10 03 09 0e 0e 
10 03 09 0e 12 
10 03 09 0e 18 
10 03 09 0e 19 
10 03 09 0e 20 
10 03 09 13 00 
10 03 09 13 0f 
10 03 09 13 13 
10 03 09 13 18 
10 03 09 15 01 
10 03 09 15 0e 
10 03 09 15 18 
10 03 09 15 19 
10 03 09 15 1e 
10 03 09 1b 1f 
10 03 09 1b 27 
10 03 09 1c 00 
10 03 09 1c 01 
10 03 09 1c 0f 
10 03 09 1c 19 
10 03 09 1c 1e 
10 03 09 1c 20 
10 03 09 24 00 
10 03 09 24 0f 
10 03 09 24 13 
10 03 09 24 18 
10 03 0a 00 01 
10 03 0a 00 1f 
10 03 0a 00 27 
10 03 0a 04 27 
10 03 0a 05 08 
10 03 0a 06 01 
10 03 0a 06 08 
10 03 0a 06 20 
10 03 0a 06 27 
10 03 0a 07 01 
10 03 0a 07 1f 
10 03 0a 07 27 
10 03 0a 0c 08 
10 03 0a 0c 1f 
10 03 0a 0c 20 
10 03 0a 0c 27 
10 03 0a 0d 08 
10 03 0a 0e 08 
10 03 0a 0e 1f 
10 03 0a 0e 20 
10 03 0a 0e 27 
10 03 0a 13 08 
10 03 0a 13 27 
10 03 0a 15 08 
10 03 0a 15 20 
10 03 0a 1b 08 
10 03 0a 1c 20 
10 03 0a 24 08 
10 03 0f 00 01 
10 03 0f 00 09 
10 03 0f 00 0a 
10 03 0f 00 1f 
10 03 0f 00 20 
10 03 0f 00 27 
10 03 0f 04 01 
10 03 0f 04 12 
10 03 0f 04 1f 
10 03 0f 04 27 
10 03 0f 05 01 
10 03 0f 05 12 
10 03 0f 05 19 
10 03 0f 06 01 
10 03 0f 06 18 
10 03 0f 06 1e 
10 03 0f 06 27 
10 03 0f 07 01 
10 03 0f 07 0a 
10 03 0f 07 12 
10 03 0f 07 18 
10 03 0f 07 19 
10 03 0f 07 1e 
10 03 0f 0c 01 
10 03 0f 0c 0a 
10 03 0f 0c 12 
10 03 0f 0c 1f 
10 03 0f 0c 20 
10 03 0f 0c 27 
10 03 0f 0d 20 
10 03 0f 0e 01 
10 03 0f 0e 0a 
10 03 0f 0e 12 
10 03 0f 0e 1f 
10 03 0f 0e 20 
10 03 0f 0e 27 
10 03 0f 13 02 
10 03 0f 13 12 
10 03 0f 13 1e 
10 03 0f 15 01 
10 03 0f 15 08 
10 03 0f 15 0a 
10 03 0f 15 12 
10 03 0f 1c 01 
10 03 0f 1c 1f 
10 03 0f 24 0a 
10 03 0f 24 18 
10 03 0f 24 19 
10 03 12 00 01 
10 03 12 00 0f 
10 03 12 04 0f 
10 03 12 05 0f 
10 03 12 06 09 
10 03 12 07 00 
10 03 12 07 0f 
10 03 12 07 1f 
10 03 12 0d 20 
10 03 12 0e 00 
10 03 12 0e 01 
10 03 12 0e 09 
10 03 12 0e 0f 
10 03 12 0e 1f 
10 03 12 13 01 
10 03 12 13 0f 
10 03 12 13 20 
10 03 12 14 0f 
10 03 12 15 0f 
10 03 12 15 1f 
10 03 12 1c 1f 
10 03 12 1d 27 
10 03 13 05 27 
10 03 13 13 27 
10 03 13 1b 
10 03 13 1d 1f 
10 03 13 24 1f 
10 03 14 14 
10 03 14 1d 
10 03 15 00 20 
10 03 15 05 01 
10 03 15 0b 09 
10 03 15 0b 18 
10 03 15 1c 01 
10 03 16 00 01 
10 03 16 00 09 
10 03 16 00 19 
10 03 16 05 19 
10 03 16 05 20 
10 03 16 06 20 
10 03 16 07 09 
10 03 16 07 19 
10 03 16 07 20 
10 03 16 0b 19 
10 03 16 0b 1f 
10 03 16 0e 1f 
10 03 16 14 09 
10 03 16 14 19 
10 03 16 14 1f 
10 03 16 15 19 
10 03 16 15 27 
10 03 16 1c 1f 
10 03 16 24 19 
10 03 16 24 1f 
10 03 18 00 01 
10 03 18 00 08 
10 03 18 00 09 
10 03 18 00 0a 
10 03 18 00 1b 
10 03 18 00 26 
10 03 18 00 27 
10 03 18 04 09 
10 03 18 04 0a 
10 03 18 05 01 
10 03 18 05 09 
10 03 18 05 1b 
10 03 18 06 01 
10 03 18 06 08 
10 03 18 06 09 
10 03 18 06 0a 
10 03 18 06 0f 
10 03 18 06 1b 
10 03 18 06 27 
10 03 18 07 01 
10 03 18 07 08 
10 03 18 07 09 
10 03 18 07 0a 
10 03 18 07 0f 
10 03 18 07 1b 
10 03 18 07 26 
10 03 18 07 27 
10 03 18 0c 1a 
10 03 18 0c 20 
10 03 18 0d 00 
10 03 18 0d 09 
10 03 18 0d 20 
10 03 18 0d 27 
10 03 18 0e 01 
10 03 18 0e 09 
10 03 18 0e 1a 
10 03 18 0e 1b 
10 03 18 0e 20 
10 03 18 0e 26 
10 03 18 0e 27 
10 03 18 15 00 
10 03 18 15 09 
10 03 18 15 1b 
10 03 18 15 20 
10 03 18 1b 09 
10 03 18 1b 0a 
10 03 18 1b 20 
10 03 18 24 0f 
10 03 19 00 08 
10 03 19 00 0a 
10 03 19 00 16 
10 03 19 00 18 
10 03 19 00 27 
10 03 19 05 0f 
10 03 19 05 16 
10 03 19 05 27 
10 03 19 06 1e 
10 03 19 06 27 
10 03 19 07 08 
10 03 19 07 0a 
10 03 19 07 0f 
10 03 19 07 16 
10 03 19 07 1e 
10 03 19 07 27 
10 03 19 0c 09 
10 03 19 0c 0a 
10 03 19 0c 27 
10 03 19 0d 01 
10 03 19 0d 09 
10 03 19 0e 01 
10 03 19 0e 09 
10 03 19 0e 0a 
10 03 19 0e 27 
10 03 19 13 00 
10 03 19 13 1e 
10 03 19 15 09 
10 03 19 15 0a 
10 03 19 15 16 
10 03 19 15 1f 
10 03 19 1c 01 
10 03 19 1c 09 
10 03 19 1c 16 
10 03 19 1c 1e 
10 03 19 1c 27 
10 03 19 24 00 
10 03 19 24 01 
10 03 19 24 0a 
10 03 19 24 0f 
10 03 19 24 16 
10 03 1e 00 01 
10 03 1e 00 09 
10 03 1e 00 20 
10 03 1e 04 09 
10 03 1e 05 18 
10 03 1e 06 00 
10 03 1e 06 01 
10 03 1e 06 18 
10 03 1e 07 01 
10 03 1e 07 09 
10 03 1e 07 27 
10 03 1e 0c 18 
10 03 1e 0d 18 
10 03 1e 0e 00 
10 03 1e 0e 01 
10 03 1e 0e 09 
10 03 1e 0e 18 
10 03 1e 13 00 
10 03 1e 13 27 
10 03 1e 1b 18 
10 03 1e 1c 09 
10 03 1e 1c 18 
10 03 1f 00 01 
10 03 1f 00 08 
10 03 1f 00 0a 
10 03 1f 00 0f 
10 03 1f 00 1a 
10 03 1f 00 26 
10 03 1f 04 00 
10 03 1f 04 08 
10 03 1f 04 0a 
10 03 1f 04 0f 
10 03 1f 04 1a 
10 03 1f 04 26 
10 03 1f 05 08 
10 03 1f 05 20 
10 03 1f 06 08 
10 03 1f 06 0a 
10 03 1f 06 1a 
10 03 1f 06 20 
10 03 1f 06 27 
10 03 1f 07 00 
10 03 1f 07 08 
10 03 1f 07 0a 
10 03 1f 07 12 
10 03 1f 07 1a 
10 03 1f 07 1c 
10 03 1f 07 20 
10 03 1f 07 26 
10 03 1f 0c 0a 
10 03 1f 0c 0f 
10 03 1f 0d 01 
10 03 1f 0d 09 
10 03 1f 0e 08 
10 03 1f 0e 0a 
10 03 1f 0e 0f 
10 03 1f 0e 12 
10 03 1f 0e 16 
10 03 1f 0e 27 
10 03 1f 13 1c 
10 03 1f 15 00 
10 03 1f 15 08 
10 03 1f 15 0a 
10 03 1f 15 12 
10 03 1f 15 1a 
10 03 1f 1b 08 
10 03 1f 1b 09 
10 03 1f 1c 08 
10 03 1f 1c 1c 
10 03 1f 24 16 
10 03 20 00 0f 
10 03 20 00 12 
10 03 20 00 18 
10 03 20 00 27 
10 03 20 05 18 
10 03 20 06 0a 
10 03 20 06 16 
10 03 20 06 18 
10 03 20 06 27 
10 03 20 07 12 
10 03 20 07 15 
10 03 20 07 18 
10 03 20 07 26 
10 03 20 0c 09 
10 03 20 0c 0a 
10 03 20 0c 0f 
10 03 20 0c 18 
10 03 20 0c 26 
10 03 20 0d 01 
10 03 20 0d 08 
10 03 20 0d 09 
10 03 20 0d 0f 
10 03 20 0d 12 
10 03 20 0d 16 
10 03 20 0d 18 
10 03 20 0e 01 
10 03 20 0e 08 
10 03 20 0e 09 
10 03 20 0e 0a 
10 03 20 0e 0f 
10 03 20 0e 18 
10 03 20 13 12 
10 03 20 13 18 
10 03 20 13 26 
10 03 20 15 0a 
10 03 20 15 18 
10 03 20 15 27 
10 03 20 1c 01 
10 03 20 1c 09 
10 03 20 1c 0a 
10 03 20 1c 27 
10 03 20 24 00 
10 03 27 00 08 
10 03 27 00 0a 
10 03 27 00 0f 
10 03 27 00 18 
10 03 27 00 19 
10 03 27 04 00 
10 03 27 04 08 
10 03 27 04 0a 
10 03 27 04 0f 
10 03 27 04 19 
10 03 27 04 1f 
10 03 27 05 13 
10 03 27 05 19 
10 03 27 06 08 
10 03 27 06 0a 
10 03 27 06 0f 
10 03 27 06 18 
10 03 27 06 19 
10 03 27 06 1f 
10 03 27 06 22 
10 03 27 07 08 
10 03 27 07 0a 
10 03 27 07 18 
10 03 27 07 19 
10 03 27 07 1e 
10 03 27 07 24 
10 03 27 0c 00 
10 03 27 0c 09 
10 03 27 0c 0a 
10 03 27 0c 19 
10 03 27 0c 1a 
10 03 27 0d 00 
10 03 27 0d 18 
10 03 27 0d 21 
10 03 27 0e 0a 
10 03 27 0e 0f 
10 03 27 0e 18 
10 03 27 0e 19 
10 03 27 0e 1f 
10 03 27 0e 22 
10 03 27 13 08 
10 03 27 13 0a 
10 03 27 13 13 
10 03 27 13 1e 
10 03 27 13 24 
10 03 27 15 0a 
10 03 27 15 19 
10 03 27 15 1f 
10 03 27 15 24 
10 03 27 1b 09 
10 03 27 1c 00 
10 03 27 1c 01 
10 03 27 1c 19 
10 03 27 1c 1e 
10 03 27 1c 1f 
10 03 27 24 08 
10 03 27 24 20 
10 03 27 24 21 
10 03 27 25 01 
10 04 01 00 04 
10 04 01 00 08 
10 04 01 00 0a 
10 04 01 00 0f 
10 04 01 00 18 
10 04 01 00 1e 
10 04 01 01 07 
10 04 01 01 08 
10 04 01 01 0a 
10 04 01 01 0f 
10 04 01 01 16 
10 04 01 01 18 
10 04 01 01 1e 
10 04 01 01 1f 
10 04 01 01 20 
10 04 01 02 00 
10 04 01 02 07 
10 04 01 02 0f 
10 04 01 02 27 
10 04 01 04 04 
10 04 01 04 08 
10 04 01 04 09 
10 04 01 04 0f 
10 04 01 04 15 
10 04 01 04 18 
10 04 01 04 19 
10 04 01 04 1e 
10 04 01 0c 04 
10 04 01 0c 09 
10 04 01 0c 20 
10 04 01 0d 09 
10 04 01 0d 19 
10 04 01 0d 1e 
10 04 01 0d 1f 
10 04 01 0e 00 
10 04 01 0e 04 
10 04 01 0e 19 
10 04 01 0e 1e 
10 04 01 0e 20 
10 04 01 0e 27 
10 04 01 13 00 
10 04 01 13 19 
10 04 01 13 1e 
10 04 01 13 27 
10 04 01 15 00 
10 04 01 25 0e 
10 04 01 25 19 
10 04 01 25 1e 
10 04 01 25 20 
10 04 01 25 27 
10 04 08 00 01 
10 04 08 00 02 
10 04 08 00 0d 
10 04 08 00 18 
10 04 08 00 19 
10 04 08 00 1e 
10 04 08 00 1f 
10 04 08 00 27 
10 04 08 01 01 
10 04 08 01 02 
10 04 08 01 0d 
10 04 08 01 18 
10 04 08 01 19 
10 04 08 01 1e 
10 04 08 01 1f 
10 04 08 01 27 
10 04 08 02 1f 
10 04 08 03 0d 
10 04 08 03 20 
10 04 08 0d 0d 
10 04 08 0e 19 
10 04 08 0e 1f 
10 04 08 0e 20 
10 04 08 13 20 
10 04 08 1b 0d 
10 04 08 1b 1f 
10 04 08 1c 15 
10 04 08 1c 1f 
10 04 08 25 1f 
10 04 09 00 00 
10 04 09 00 02 
10 04 09 00 0c 
10 04 09 00 0e 
10 04 09 00 16 
10 04 09 00 18 
10 04 09 00 1e 
10 04 09 00 20 
10 04 09 01 00 
10 04 09 01 02 
10 04 09 01 0c 
10 04 09 01 0e 
10 04 09 01 0f 
10 04 09 01 16 
10 04 09 01 18 
10 04 09 01 1e 
10 04 09 01 20 
10 04 09 02 00 
10 04 09 02 02 
10 04 09 02 0e 
10 04 09 02 18 
10 04 09 02 1e 
10 04 09 03 0c 
10 04 09 03 0d 
10 04 09 03 0e 
10 04 09 03 19 
10 04 09 03 1e 
10 04 09 03 27 
10 04 09 0c 01 
10 04 09 0c 0d 
10 04 09 0c 19 
10 04 09 0c 1e 
10 04 09 0d 01 
10 04 09 0d 18 
10 04 09 0d 19 
10 04 09 0d 27 
10 04 09 0e 02 
10 04 09 0e 0c 
10 04 09 0e 0e 
10 04 09 0e 16 
10 04 09 0e 18 
10 04 09 0e 19 
10 04 09 0e 1e 
10 04 09 13 0e 
10 04 09 13 18 
10 04 09 15 19 
10 04 09 1b 0e 
10 04 09 1b 19 
10 04 09 1b 1e 
10 04 09 1c 19 
10 04 09 24 0e 
10 04 09 24 18 
10 04 09 25 0e 
10 04 09 25 18 
10 04 09 25 19 
10 04 09 25 1e 
10 04 09 
10 04 0a 00 01 
10 04 0a 00 1f 
10 04 0a 00 27 
10 04 0a 01 01 
10 04 0a 01 1f 
10 04 0a 01 27 
10 04 0a 02 27 
10 04 0a 03 08 
10 04 0a 03 1f 
10 04 0a 03 27 
10 04 0a 0d 20 
10 04 0a 0e 1f 
10 04 12 00 00 
10 04 12 00 0f 
10 04 12 00 1f 
10 04 12 01 0f 
10 04 12 02 0f 
10 04 13 0d 1f 
10 04 13 1b 
10 04 13 24 
10 04 14 0b 
10 04 14 13 
10 04 14 1b 
10 04 14 24 
10 04 15 01 20 
10 04 15 1c 08 
10 04 15 24 
10 04 16 00 19 
10 04 16 00 27 
10 04 16 01 01 
10 04 16 01 09 
10 04 16 01 19 
10 04 16 0e 09 
10 04 16 0e 19 
10 04 16 0e 20 
10 04 16 1b 
10 04 18 00 01 
10 04 18 00 08 
10 04 18 00 09 
10 04 18 00 0a 
10 04 18 00 0f 
10 04 18 00 1b 
10 04 18 00 26 
10 04 18 00 27 
10 04 18 01 01 
10 04 18 01 08 
10 04 18 01 09 
10 04 18 01 0a 
10 04 18 01 1b 
10 04 18 01 26 
10 04 18 01 27 
10 04 18 02 09 
10 04 18 02 0a 
10 04 18 0c 1b 
10 04 18 0d 09 
10 04 18 0d 26 
10 04 18 0e 09 
10 04 18 0e 26 
10 04 18 1b 
10 04 19 00 08 
10 04 19 00 0a 
10 04 19 00 0f 
10 04 19 00 16 
10 04 19 00 1e 
10 04 19 00 27 
10 04 19 01 08 
10 04 19 01 0a 
10 04 19 01 16 
10 04 19 01 18 
10 04 19 01 27 
10 04 19 02 01 
10 04 19 02 09 
10 04 19 0c 09 
10 04 19 0c 0a 
10 04 19 0c 1e 
10 04 19 0c 27 
10 04 19 0d 01 
10 04 19 0d 09 
10 04 19 0e 01 
10 04 19 0e 09 
10 04 19 0e 0a 
10 04 19 0e 16 
10 04 19 0e 27 
10 04 19 15 08 
10 04 19 15 09 
10 04 19 1b 09 
10 04 19 1c 09 
10 04 19 1c 16 
10 04 19 1c 27 
10 04 19 24 09 
10 04 19 24 27 
10 04 19 25 01 
10 04 19 25 09 
10 04 19 25 27 
10 04 1e 00 01 
10 04 1e 00 09 
10 04 1e 00 27 
10 04 1e 01 01 
10 04 1e 01 09 
10 04 1e 01 20 
10 04 1e 02 09 
10 04 1e 0c 18 
10 04 1e 0d 01 
10 04 1e 0d 09 
10 04 1e 0e 01 
10 04 1e 0e 09 
10 04 1e 1c 09 
10 04 1e 1c 18 
10 04 1e 25 01 
10 04 1e 25 18 
10 04 1f 00 08 
10 04 1f 00 0a 
10 04 1f 00 1a 
10 04 1f 00 20 
10 04 1f 00 27 
10 04 1f 01 01 
10 04 1f 01 08 
10 04 1f 01 0a 
10 04 1f 01 0f 
10 04 1f 01 1a 
10 04 1f 01 26 
10 04 1f 02 00 
10 04 1f 02 08 
10 04 1f 02 0a 
10 04 1f 02 0f 
10 04 1f 02 1a 
10 04 1f 02 26 
10 04 1f 0c 1a 
10 04 1f 0c 20 
10 04 1f 0c 26 
10 04 1f 0d 01 
10 04 1f 0d 13 
10 04 1f 0d 20 
10 04 1f 0d 26 
10 04 1f 0d 27 
10 04 1f 0e 0a 
10 04 1f 0e 1a 
10 04 1f 0e 20 
10 04 1f 0e 26 
10 04 1f 0e 27 
10 04 1f 13 0a 
10 04 1f 15 08 
10 04 1f 15 20 
10 04 1f 1b 08 
10 04 1f 1b 0a 
10 04 1f 1b 1a 
10 04 1f 1c 20 
10 04 1f 25 08 
10 04 1f 25 0a 
10 04 1f 25 1a 
10 04 1f 25 20 
10 04 1f 25 27 
10 04 1f 
10 04 20 00 16 
10 04 20 00 19 
10 04 20 00 1f 
10 04 20 00 25 
10 04 20 01 00 
10 04 20 01 08 
10 04 20 01 12 
10 04 20 01 1f 
10 04 20 02 00 
10 04 20 02 01 
10 04 20 02 16 
10 04 20 02 1f 
10 04 20 0c 12 
10 04 20 0c 1f 
10 04 20 0d 01 
10 04 20 0d 0a 
10 04 20 0d 12 
10 04 20 0d 1f 
10 04 20 0e 01 
10 04 20 0e 08 
10 04 20 0e 12 
10 04 20 0e 16 
10 04 20 0e 19 
10 04 20 0e 1f 
10 04 20 13 12 
10 04 20 15 1f 
10 04 20 25 01 
10 04 20 25 08 
10 04 20 25 0a 
10 04 20 25 1f 
10 04 20 
10 04 27 00 0f 
10 04 27 00 12 
10 04 27 01 08 
10 04 27 01 0a 
10 04 27 01 0f 
10 04 27 01 18 
10 04 27 01 19 
10 04 27 02 00 
10 04 27 02 01 
10 04 27 02 0a 
10 04 27 02 0f 
10 04 27 0c 19 
10 04 27 0c 22 
10 04 27 0d 09 
10 04 27 0d 1f 
10 04 27 0e 01 
10 04 27 0e 19 
10 04 27 0e 1f 
10 04 27 0e 20 
10 04 27 0e 21 
10 04 27 0e 22 
10 04 27 15 01 
10 04 27 15 08 
10 04 27 15 1f 
10 04 27 15 22 
10 04 27 1c 09 
10 04 27 1c 0a 
10 04 27 1c 19 
10 04 27 1c 1f 
10 04 27 24 09 
10 04 27 24 19 
10 04 27 24 1f 
10 04 27 25 01 
10 04 27 25 19 
10 04 27 25 1f 
10 04 27 25 24 
10 0c 00 03 09 
10 0c 00 03 27 
10 0c 00 08 03 
10 0c 00 08 09 
10 0c 00 08 0f 
10 0c 00 08 12 
10 0c 00 09 01 
10 0c 00 09 02 
10 0c 00 09 08 
10 0c 00 09 09 
10 0c 00 09 0e 
10 0c 00 09 0f 
10 0c 00 09 12 
10 0c 00 09 14 
10 0c 00 0a 01 
10 0c 00 0a 08 
10 0c 00 0a 09 
10 0c 00 0a 0f 
10 0c 00 0a 12 
10 0c 00 0a 16 
10 0c 00 0a 27 
10 0c 00 0b 02 
10 0c 00 0b 09 
10 0c 00 0b 0f 
10 0c 00 0b 12 
10 0c 00 0b 17 
10 0c 00 0d 01 
10 0c 00 0d 02 
10 0c 00 0d 03 
10 0c 00 0d 04 
10 0c 00 0d 08 
10 0c 00 0d 09 
10 0c 00 0d 0a 
10 0c 00 0d 0f 
10 0c 00 0d 12 
10 0c 00 0e 03 
10 0c 00 0e 09 
10 0c 00 0e 12 
10 0c 00 0e 18 
10 0c 00 0e 27 
10 0c 00 0f 01 
10 0c 00 0f 02 
10 0c 00 0f 04 
10 0c 00 0f 09 
10 0c 00 0f 0f 
10 0c 00 0f 12 
10 0c 00 0f 16 
10 0c 00 13 01 
10 0c 00 13 03 
10 0c 00 13 09 
10 0c 00 15 02 
10 0c 00 15 09 
10 0c 00 15 0e 
10 0c 00 15 0f 
10 0c 00 15 12 
10 0c 00 15 15 
10 0c 00 15 16 
10 0c 00 16 12 
10 0c 00 1b 19 
10 0c 00 1b 1f 
10 0c 00 1c 03 
10 0c 00 1c 09 
10 0c 00 1c 0f 
10 0c 00 1c 12 
10 0c 00 1c 16 
10 0c 00 25 04 
10 0c 00 25 09 
10 0c 00 25 0f 
10 0c 00 25 12 
10 0c 00 25 27 
10 0c 09 03 0e 
10 0c 09 03 19 
10 0c 09 03 20 
10 0c 09 03 27 
10 0c 09 04 02 
10 0c 09 04 0c 
10 0c 09 04 19 
10 0c 09 04 1e 
10 0c 09 08 00 
10 0c 09 08 02 
10 0c 09 08 0c 
10 0c 09 08 0e 
10 0c 09 08 16 
10 0c 09 08 18 
10 0c 09 08 1e 
10 0c 09 08 20 
10 0c 09 09 00 
10 0c 09 09 02 
10 0c 09 09 0e 
10 0c 09 09 13 
10 0c 09 09 18 
10 0c 09 09 20 
10 0c 09 0a 00 
10 0c 09 0a 01 
10 0c 09 0a 02 
10 0c 09 0a 0e 
10 0c 09 0a 18 
10 0c 09 0b 00 
10 0c 09 0b 0e 
10 0c 09 0b 15 
10 0c 09 0b 16 
10 0c 09 0b 18 
10 0c 09 0b 20 
10 0c 09 0c 00 
10 0c 09 0c 0d 
10 0c 09 0c 0e 
10 0c 09 0c 12 
10 0c 09 0c 18 
10 0c 09 0c 1e 
10 0c 09 0c 20 
10 0c 09 0c 27 
10 0c 09 0e 02 
10 0c 09 0e 0c 
10 0c 09 0e 0e 
10 0c 09 0e 16 
10 0c 09 0e 18 
10 0c 09 0e 19 
10 0c 09 0e 1e 
10 0c 09 0f 01 
10 0c 09 0f 02 
10 0c 09 0f 0c 
10 0c 09 0f 0e 
10 0c 09 0f 18 
10 0c 09 0f 19 
10 0c 09 0f 20 
10 0c 09 13 00 
10 0c 09 13 0e 
10 0c 09 15 02 
10 0c 09 15 18 
10 0c 09 15 19 
10 0c 09 16 08 
10 0c 09 16 0f 
10 0c 09 1b 0f 
10 0c 09 1b 1f 
10 0c 09 1b 27 
10 0c 09 1c 00 
10 0c 09 1c 02 
10 0c 09 1c 19 
10 0c 09 24 00 
10 0c 09 24 0e 
10 0c 09 25 0e 
10 0c 09 25 12 
10 0c 09 25 16 
10 0c 09 25 19 
10 0c 0a 02 08 
10 0c 0a 03 08 
10 0c 0a 03 1f 
10 0c 0a 03 20 
10 0c 0a 03 27 
10 0c 0a 08 01 
10 0c 0a 08 1f 
10 0c 0a 08 27 
10 0c 0a 09 02 
10 0c 0a 09 1f 
10 0c 0a 09 20 
10 0c 0a 09 27 
10 0c 0a 0a 1f 
10 0c 0a 0c 00 
10 0c 0a 0c 08 
10 0c 0a 0c 1f 
10 0c 0a 0c 27 
10 0c 0a 0e 1f 
10 0c 0a 0f 01 
10 0c 0a 0f 08 
10 0c 0a 0f 18 
10 0c 0a 0f 1f 
10 0c 0a 0f 27 
10 0c 0a 13 19 
10 0c 0a 15 08 
10 0c 0a 15 1f 
10 0c 0a 16 08 
10 0c 0a 1b 08 
10 0c 0a 1c 1f 
10 0c 0a 24 08 
10 0c 0f 02 1f 
10 0c 0f 02 27 
10 0c 0f 03 1f 
10 0c 0f 03 20 
10 0c 0f 04 09 
10 0c 0f 04 12 
10 0c 0f 04 1e 
10 0c 0f 08 01 
10 0c 0f 08 0a 
10 0c 0f 08 12 
10 0c 0f 08 18 
10 0c 0f 08 19 
10 0c 0f 08 1e 
10 0c 0f 09 08 
10 0c 0f 09 12 
10 0c 0f 09 18 
10 0c 0f 09 19 
10 0c 0f 09 1e 
10 0c 0f 09 27 
10 0c 0f 0a 01 
10 0c 0f 0a 12 
10 0c 0f 0a 1e 
10 0c 0f 0a 1f 
10 0c 0f 0a 27 
10 0c 0f 0b 01 
10 0c 0f 0b 12 
10 0c 0f 0b 19 
10 0c 0f 0c 01 
10 0c 0f 0c 08 
10 0c 0f 0c 12 
10 0c 0f 0c 19 
10 0c 0f 0c 1e 
10 0c 0f 0c 27 
10 0c 0f 0f 01 
10 0c 0f 0f 0a 
10 0c 0f 0f 12 
10 0c 0f 0f 18 
10 0c 0f 0f 1e 
10 0c 0f 0f 1f 
10 0c 0f 0f 27 
10 0c 0f 13 18 
10 0c 0f 13 1f 
10 0c 0f 15 02 
10 0c 0f 15 18 
10 0c 0f 16 09 
10 0c 0f 16 12 
10 0c 0f 16 1f 
10 0c 0f 16 27 
10 0c 0f 1b 09 
10 0c 0f 1b 1f 
10 0c 0f 1b 20 
10 0c 0f 1b 27 
10 0c 0f 1c 1f 
10 0c 0f 24 1f 
10 0c 0f 25 09 
10 0c 0f 25 1f 
10 0c 0f 25 27 
10 0c 12 02 27 
10 0c 12 08 00 
10 0c 12 08 0f 
10 0c 12 08 1f 
10 0c 12 09 00 
10 0c 12 09 0f 
10 0c 12 09 18 
10 0c 12 09 1f 
10 0c 12 0a 00 
10 0c 12 0a 0f 
10 0c 12 0b 00 
10 0c 12 0b 0f 
10 0c 12 0f 01 
10 0c 12 0f 0f 
10 0c 12 0f 20 
10 0c 12 14 00 
10 0c 12 14 09 
10 0c 12 14 0f 
10 0c 12 16 00 
10 0c 12 16 0f 
10 0c 12 16 27 
10 0c 12 1c 00 
10 0c 12 25 09 
10 0c 13 09 09 
10 0c 13 09 1e 
10 0c 13 0b 01 
10 0c 13 0b 1f 
10 0c 13 0b 27 
10 0c 13 0f 00 
10 0c 13 0f 01 
10 0c 13 14 27 
10 0c 13 25 27 
10 0c 14 09 00 
10 0c 14 1b 
10 0c 15 09 12 
10 0c 15 0b 01 
10 0c 15 0b 09 
10 0c 15 0b 18 
10 0c 15 0b 19 
10 0c 15 0b 27 
10 0c 15 0f 01 
10 0c 15 0f 27 
10 0c 16 08 09 
10 0c 16 08 19 
10 0c 16 08 20 
10 0c 16 09 08 
10 0c 16 09 18 
10 0c 16 09 19 
10 0c 16 09 1e 
10 0c 16 0b 09 
10 0c 16 0b 20 
10 0c 16 0e 09 
10 0c 16 0e 19 
10 0c 16 0e 20 
10 0c 16 0f 19 
10 0c 16 0f 1f 
10 0c 16 0f 20 
10 0c 16 14 09 
10 0c 16 14 20 
10 0c 16 15 00 
10 0c 16 16 20 
10 0c 16 1c 20 
10 0c 16 1d 20 
10 0c 16 25 09 
10 0c 17 08 1f 
10 0c 17 08 20 
10 0c 17 09 13 
10 0c 17 09 18 
10 0c 17 09 1f 
10 0c 17 09 27 
10 0c 17 0b 00 
10 0c 17 0b 1f 
10 0c 17 0b 20 
10 0c 17 0f 20 
10 0c 17 13 20 
10 0c 17 14 20 
10 0c 17 15 20 
10 0c 17 1d 1f 
10 0c 18 02 1b 
10 0c 18 03 1a 
10 0c 18 03 20 
10 0c 18 04 1b 
10 0c 18 08 01 
10 0c 18 08 08 
10 0c 18 08 09 
10 0c 18 08 0a 
10 0c 18 08 0f 
10 0c 18 08 1b 
10 0c 18 08 26 
10 0c 18 08 27 
10 0c 18 09 09 
10 0c 18 09 0a 
10 0c 18 09 0f 
10 0c 18 09 16 
10 0c 18 09 17 
10 0c 18 09 1a 
10 0c 18 09 1d 
10 0c 18 09 26 
10 0c 18 09 27 
10 0c 18 0a 09 
10 0c 18 0a 0a 
10 0c 18 0a 27 
10 0c 18 0b 01 
10 0c 18 0b 09 
10 0c 18 0b 15 
10 0c 18 0b 20 
10 0c 18 0e 09 
10 0c 18 0e 26 
10 0c 18 0f 01 
10 0c 18 0f 09 
10 0c 18 0f 0a 
10 0c 18 0f 0f 
10 0c 18 0f 1b 
10 0c 18 0f 26 
10 0c 18 15 00 
10 0c 18 15 09 
10 0c 18 15 0f 
10 0c 18 16 1b 
10 0c 18 1b 1b 
10 0c 18 24 09 
10 0c 18 24 13 
10 0c 19 03 09 
10 0c 19 03 0a 
10 0c 19 03 27 
10 0c 19 04 09 
10 0c 19 04 0a 
10 0c 19 04 1e 
10 0c 19 04 27 
10 0c 19 08 08 
10 0c 19 08 0a 
10 0c 19 08 0f 
10 0c 19 08 16 
10 0c 19 08 1e 
10 0c 19 08 27 
10 0c 19 09 0f 
10 0c 19 09 16 
10 0c 19 09 1e 
10 0c 19 09 26 
10 0c 19 0a 01 
10 0c 19 0a 09 
10 0c 19 0b 0f 
10 0c 19 0b 15 
10 0c 19 0b 1e 
10 0c 19 0b 27 
10 0c 19 0e 01 
10 0c 19 0e 09 
10 0c 19 0e 0a 
10 0c 19 0e 16 
10 0c 19 0e 27 
10 0c 19 0f 01 
10 0c 19 0f 09 
10 0c 19 0f 0a 
10 0c 19 0f 16 
10 0c 19 0f 1e 
10 0c 19 0f 27 
10 0c 19 13 1e 
10 0c 19 13 26 
10 0c 19 13 27 
10 0c 19 15 09 
10 0c 19 15 1e 
10 0c 19 1b 00 
10 0c 19 1b 18 
10 0c 19 1c 1e 
10 0c 19 1c 27 
10 0c 19 24 09 
10 0c 19 24 0a 
10 0c 19 24 1e 
10 0c 19 25 09 
10 0c 19 25 27 
10 0c 1e 02 18 
10 0c 1e 03 18 
10 0c 1e 04 18 
10 0c 1e 08 01 
10 0c 1e 08 09 
10 0c 1e 08 27 
10 0c 1e 09 09 
10 0c 1e 09 13 
10 0c 1e 09 16 
10 0c 1e 09 1f 
10 0c 1e 09 27 
10 0c 1e 0a 09 
10 0c 1e 0e 01 
10 0c 1e 0e 09 
10 0c 1e 0f 00 
10 0c 1e 0f 01 
10 0c 1e 0f 09 
10 0c 1e 0f 18 
10 0c 1e 13 18 
10 0c 1e 15 00 
10 0c 1e 15 09 
10 0c 1e 16 18 
10 0c 1e 1b 18 
10 0c 1e 1c 09 
10 0c 1e 25 00 
10 0c 1f 02 0f 
10 0c 1f 02 20 
10 0c 1f 03 0a 
10 0c 1f 03 0f 
10 0c 1f 04 0f 
10 0c 1f 04 13 
10 0c 1f 04 1a 
10 0c 1f 04 1c 
10 0c 1f 04 20 
10 0c 1f 08 00 
10 0c 1f 08 08 
10 0c 1f 08 0a 
10 0c 1f 08 12 
10 0c 1f 08 1a 
10 0c 1f 08 1c 
10 0c 1f 08 20 
10 0c 1f 08 26 
10 0c 1f 09 00 
10 0c 1f 09 08 
10 0c 1f 09 0a 
10 0c 1f 09 12 
10 0c 1f 09 17 
10 0c 1f 09 1c 
10 0c 1f 09 26 
10 0c 1f 0a 00 
10 0c 1f 0a 08 
10 0c 1f 0a 0a 
10 0c 1f 0a 0f 
10 0c 1f 0a 1c 
10 0c 1f 0a 26 
10 0c 1f 0b 00 
10 0c 1f 0b 08 
10 0c 1f 0b 13 
10 0c 1f 0b 17 
10 0c 1f 0b 19 
10 0c 1f 0b 1c 
10 0c 1f 0b 20 
10 0c 1f 0b 27 
10 0c 1f 0e 0a 
10 0c 1f 0e 1a 
10 0c 1f 0e 20 
10 0c 1f 0e 26 
10 0c 1f 0e 27 
10 0c 1f 0f 00 
10 0c 1f 0f 08 
10 0c 1f 0f 0a 
10 0c 1f 0f 0f 
10 0c 1f 0f 16 
10 0c 1f 0f 19 
10 0c 1f 0f 20 
10 0c 1f 0f 27 
10 0c 1f 13 0a 
10 0c 1f 13 0f 
10 0c 1f 13 19 
10 0c 1f 15 00 
10 0c 1f 15 20 
10 0c 1f 15 26 
10 0c 1f 16 0f 
10 0c 1f 16 20 
10 0c 1f 1b 09 
10 0c 1f 1b 0f 
10 0c 1f 1c 0a 
10 0c 1f 1c 0f 
10 0c 1f 1c 12 
10 0c 1f 1c 1b 
10 0c 1f 1c 1c 
10 0c 1f 1c 20 
10 0c 1f 24 0f 
10 0c 1f 25 00 
10 0c 1f 25 0a 
10 0c 1f 25 0f 
10 0c 1f 25 19 
10 0c 1f 25 20 
10 0c 1f 25 27 
10 0c 20 02 00 
10 0c 20 02 1f 
10 0c 20 03 00 
10 0c 20 03 17 
10 0c 20 03 18 
10 0c 20 03 19 
10 0c 20 03 1a 
10 0c 20 03 1e 
10 0c 20 03 1f 
10 0c 20 04 12 
10 0c 20 04 1f 
10 0c 20 08 16 
10 0c 20 08 19 
10 0c 20 08 1f 
10 0c 20 08 25 
10 0c 20 09 16 
10 0c 20 09 17 
10 0c 20 09 18 
10 0c 20 09 19 
10 0c 20 09 1a 
10 0c 20 09 1e 
10 0c 20 09 1f 
10 0c 20 09 25 
10 0c 20 09 26 
10 0c 20 0a 01 
10 0c 20 0a 16 
10 0c 20 0a 1f 
10 0c 20 0a 25 
10 0c 20 0b 16 
10 0c 20 0b 17 
10 0c 20 0b 18 
10 0c 20 0b 19 
10 0c 20 0b 1f 
10 0c 20 0b 25 
10 0c 20 0e 01 
10 0c 20 0e 08 
10 0c 20 0e 12 
10 0c 20 0e 16 
10 0c 20 0e 19 
10 0c 20 0e 1f 
10 0c 20 0f 16 
10 0c 20 0f 17 
10 0c 20 0f 19 
10 0c 20 0f 1f 
10 0c 20 0f 25 
10 0c 20 13 00 
10 0c 20 13 17 
10 0c 20 13 19 
10 0c 20 13 1f 
10 0c 20 15 17 
10 0c 20 15 1f 
10 0c 20 15 25 
10 0c 20 16 13 
10 0c 20 16 16 
10 0c 20 16 1f 
10 0c 20 1c 12 
10 0c 20 1c 16 
10 0c 20 1c 19 
10 0c 20 1c 1f 
10 0c 20 1c 25 
10 0c 20 25 0a 
10 0c 20 25 17 
10 0c 20 25 19 
10 0c 20 25 1f 
10 0c 20 
10 0c 27 02 0f 
10 0c 27 02 12 
10 0c 27 03 00 
10 0c 27 03 09 
10 0c 27 03 0a 
10 0c 27 03 19 
10 0c 27 03 1a 
10 0c 27 04 00 
10 0c 27 04 09 
10 0c 27 04 0a 
10 0c 27 04 22 
10 0c 27 08 08 
10 0c 27 08 0a 
10 0c 27 08 18 
10 0c 27 08 19 
10 0c 27 08 1e 
10 0c 27 08 24 
10 0c 27 09 0a 
10 0c 27 09 0f 
10 0c 27 09 17 
10 0c 27 09 18 
10 0c 27 09 1e 
10 0c 27 09 21 
10 0c 27 09 24 
10 0c 27 0a 00 
10 0c 27 0a 01 
10 0c 27 0a 0f 
10 0c 27 0a 18 
10 0c 27 0a 24 
10 0c 27 0b 13 
10 0c 27 0b 15 
10 0c 27 0b 19 
10 0c 27 0b 1f 
10 0c 27 0b 22 
10 0c 27 0b 24 
10 0c 27 0e 01 
10 0c 27 0e 19 
10 0c 27 0e 1f 
10 0c 27 0e 20 
10 0c 27 0e 21 
10 0c 27 0e 22 
10 0c 27 0f 00 
10 0c 27 0f 0a 
10 0c 27 0f 0f 
10 0c 27 0f 15 
10 0c 27 0f 19 
10 0c 27 0f 1f 
10 0c 27 0f 22 
10 0c 27 13 00 
10 0c 27 13 19 
10 0c 27 13 20 
10 0c 27 15 12 
10 0c 27 16 0f 
10 0c 27 16 12 
10 0c 27 16 22 
10 0c 27 1b 09 
10 0c 27 1b 0f 
10 0c 27 1b 22 
10 0c 27 1c 1a 
10 0c 27 1c 1e 
10 0c 27 1c 22 
10 0c 27 1c 24 
10 0c 27 24 00 
10 0c 27 24 09 
10 0c 27 24 0a 
10 0c 27 25 00 
10 0c 27 25 0f 
10 0c 27 25 13 
10 0c 27 25 19 
10 0c 27 25 1f 
10 0c 27 25 24 
10 0d 00 02 02 
10 0d 00 02 0a 
10 0d 00 02 13 
10 0d 00 02 19 
10 0d 00 02 20 
10 0d 00 03 18 
10 0d 00 09 02 
10 0d 00 09 0a 
10 0d 00 09 0e 
10 0d 00 09 0f 
10 0d 00 09 15 
10 0d 00 0a 02 
10 0d 00 0a 08 
10 0d 00 0a 0a 
10 0d 00 0a 0e 
10 0d 00 0a 0f 
10 0d 00 0a 12 
10 0d 00 0a 15 
10 0d 00 0a 18 
10 0d 00 0b 1e 
10 0d 00 0b 1f 
10 0d 00 13 13 
10 0d 00 13 16 
10 0d 00 13 18 
10 0d 00 13 19 
10 0d 00 13 1e 
10 0d 00 13 1f 
10 0d 00 15 0a 
10 0d 00 15 10 
10 0d 00 15 12 
10 0d 00 15 13 
10 0d 00 15 18 
10 0d 00 15 19 
10 0d 00 15 1e 
10 0d 00 15 20 
10 0d 00 16 0a 
10 0d 00 16 16 
10 0d 00 16 19 
10 0d 00 16 20 
10 0d 00 1b 19 
10 0d 00 1b 20 
10 0d 00 1c 08 
10 0d 00 1c 0e 
10 0d 00 1c 0f 
10 0d 00 1c 19 
10 0d 00 25 13 
10 0d 01 02 00 
10 0d 01 02 08 
10 0d 01 02 09 
10 0d 01 02 0f 
10 0d 01 02 18 
10 0d 01 02 19 
10 0d 01 02 1e 
10 0d 01 03 07 
10 0d 01 03 19 
10 0d 01 03 1f 
10 0d 01 03 20 
10 0d 01 09 04 
10 0d 01 09 08 
10 0d 01 09 0a 
10 0d 01 09 0f 
10 0d 01 09 18 
10 0d 01 09 1e 
10 0d 01 0a 04 
10 0d 01 0a 06 
10 0d 01 0a 09 
10 0d 01 0a 0a 
10 0d 01 0a 0f 
10 0d 01 0a 12 
10 0d 01 0a 13 
10 0d 01 0a 18 
10 0d 01 0a 1e 
10 0d 01 0b 00 
10 0d 01 0b 06 
10 0d 01 0b 07 
10 0d 01 0b 09 
10 0d 01 0b 0f 
10 0d 01 0b 27 
10 0d 01 0c 04 
10 0d 01 0c 07 
10 0d 01 0c 09 
10 0d 01 0c 0f 
10 0d 01 0c 13 
10 0d 01 0c 15 
10 0d 01 0c 18 
10 0d 01 0c 19 
10 0d 01 0c 1e 
10 0d 01 13 19 
10 0d 01 13 1e 
10 0d 01 15 19 
10 0d 01 15 1f 
10 0d 01 16 00 
10 0d 01 16 08 
10 0d 01 16 09 
10 0d 01 16 0f 
10 0d 01 16 19 
10 0d 01 16 1e 
10 0d 01 1b 07 
10 0d 01 1b 13 
10 0d 01 1b 16 
10 0d 01 1b 19 
10 0d 01 1b 1e 
10 0d 01 1b 20 
10 0d 01 1b 27 
10 0d 01 1c 06 
10 0d 01 1c 19 
10 0d 01 1c 1f 
10 0d 01 24 0f 
10 0d 01 24 19 
10 0d 01 24 1e 
10 0d 01 24 1f 
10 0d 01 24 20 
10 0d 01 24 27 
10 0d 01 25 1f 
10 0d 08 03 20 
10 0d 08 0a 01 
10 0d 08 0a 0d 
10 0d 08 0a 1f 
10 0d 08 0a 27 
10 0d 08 0b 00 
10 0d 08 0b 1f 
10 0d 08 0c 20 
10 0d 08 13 13 
10 0d 08 13 1e 
10 0d 08 13 1f 
10 0d 08 13 20 
10 0d 08 1b 13 
10 0d 08 1b 1f 
10 0d 08 1c 00 
10 0d 09 02 01 
10 0d 09 02 02 
10 0d 09 02 0e 
10 0d 09 02 18 
10 0d 09 02 19 
10 0d 09 02 1e 
10 0d 09 02 27 
10 0d 09 03 18 
10 0d 09 03 19 
10 0d 09 03 1f 
10 0d 09 03 20 
10 0d 09 09 00 
10 0d 09 09 02 
10 0d 09 09 0c 
10 0d 09 09 0e 
10 0d 09 09 16 
10 0d 09 09 18 
10 0d 09 09 1e 
10 0d 09 09 20 
10 0d 09 0a 00 
10 0d 09 0a 01 
10 0d 09 0a 02 
10 0d 09 0a 0c 
10 0d 09 0a 0e 
10 0d 09 0a 18 
10 0d 09 0a 1e 
10 0d 09 0a 20 
10 0d 09 0b 00 
10 0d 09 0b 01 
10 0d 09 0b 02 
10 0d 09 0b 0e 
10 0d 09 0b 18 
10 0d 09 0c 02 
10 0d 09 0c 0c 
10 0d 09 0c 0e 
10 0d 09 0c 16 
10 0d 09 0c 18 
10 0d 09 0c 19 
10 0d 09 0c 1e 
10 0d 09 13 02 
10 0d 09 13 0c 
10 0d 09 13 0e 
10 0d 09 13 13 
10 0d 09 13 16 
10 0d 09 13 17 
10 0d 09 13 20 
10 0d 09 15 0f 
10 0d 09 15 18 
10 0d 09 15 19 
10 0d 09 15 1f 
10 0d 09 15 20 
10 0d 09 16 01 
10 0d 09 16 02 
10 0d 09 16 08 
10 0d 09 16 0e 
10 0d 09 16 0f 
10 0d 09 16 18 
10 0d 09 16 19 
10 0d 09 16 1e 
10 0d 09 16 27 
10 0d 09 1b 02 
10 0d 09 1b 0e 
10 0d 09 1b 0f 
10 0d 09 1b 12 
10 0d 09 1b 16 
10 0d 09 1b 17 
10 0d 09 1b 18 
10 0d 09 1b 19 
10 0d 09 1b 1e 
10 0d 09 1c 19 
10 0d 09 1c 1f 
10 0d 09 24 02 
10 0d 09 24 0c 
10 0d 09 24 0e 
10 0d 09 24 13 
10 0d 09 24 20 
10 0d 09 25 18 
10 0d 09 25 1f 
10 0d 09 
10 0d 0a 02 00 
10 0d 0a 02 27 
10 0d 0a 03 08 
10 0d 0a 09 01 
10 0d 0a 09 1f 
10 0d 0a 09 27 
10 0d 0a 0a 01 
10 0d 0a 0a 1f 
10 0d 0a 0a 27 
10 0d 0a 0b 1f 
10 0d 0a 0c 1f 
10 0d 0a 13 02 
10 0d 0a 13 1f 
10 0d 0a 13 20 
10 0d 0a 13 27 
10 0d 0a 15 18 
10 0d 0a 16 00 
10 0d 0a 16 27 
10 0d 0a 1b 1f 
10 0d 0a 1b 27 
10 0d 0a 1c 08 
10 0d 0a 25 08 
10 0d 0f 02 01 
10 0d 0f 02 12 
10 0d 0f 02 1e 
10 0d 0f 02 1f 
10 0d 0f 03 20 
10 0d 0f 09 01 
10 0d 0f 09 0a 
10 0d 0f 09 12 
10 0d 0f 09 18 
10 0d 0f 09 19 
10 0d 0f 09 1e 
10 0d 0f 0a 01 
10 0d 0f 0a 08 
10 0d 0f 0a 0a 
10 0d 0f 0a 18 
10 0d 0f 0a 19 
10 0d 0f 0a 1e 
10 0d 0f 0b 01 
10 0d 0f 0b 12 
10 0d 0f 0b 1e 
10 0d 0f 0b 1f 
10 0d 0f 0b 27 
10 0d 0f 0c 01 
10 0d 0f 0c 0a 
10 0d 0f 0c 12 
10 0d 0f 0c 18 
10 0d 0f 0c 1e 
10 0d 0f 0c 1f 
10 0d 0f 0c 27 
10 0d 0f 13 0a 
10 0d 0f 13 12 
10 0d 0f 13 18 
10 0d 0f 13 1e 
10 0d 0f 13 27 
10 0d 0f 15 12 
10 0d 0f 15 18 
10 0d 0f 16 01 
10 0d 0f 16 09 
10 0d 0f 16 12 
10 0d 0f 16 1e 
10 0d 0f 16 1f 
10 0d 0f 1b 09 
10 0d 0f 1b 1f 
10 0d 0f 1b 20 
10 0d 0f 1b 27 
10 0d 0f 1c 08 
10 0d 0f 1c 20 
10 0d 0f 24 1f 
10 0d 12 02 0f 
10 0d 12 02 1f 
10 0d 12 02 27 
10 0d 12 03 20 
10 0d 12 09 00 
10 0d 12 09 0f 
10 0d 12 09 1f 
10 0d 12 0a 00 
10 0d 12 0a 01 
10 0d 12 0a 0f 
10 0d 12 0b 00 
10 0d 12 0b 0f 
10 0d 12 13 0f 
10 0d 12 13 18 
10 0d 12 13 1f 
10 0d 12 14 09 
10 0d 12 14 0f 
10 0d 12 14 1f 
10 0d 12 14 27 
10 0d 12 15 0f 
10 0d 12 16 0f 
10 0d 12 16 1f 
10 0d 12 16 27 
10 0d 12 1d 00 
10 0d 12 1d 01 
10 0d 12 1d 09 
10 0d 12 1d 0f 
10 0d 12 1d 20 
10 0d 12 1d 27 
10 0d 13 02 00 
10 0d 13 0a 01 
10 0d 13 0a 10 
10 0d 13 13 00 
10 0d 13 13 08 
10 0d 13 13 27 
10 0d 13 14 27 
10 0d 13 1b 01 
10 0d 13 1b 08 
10 0d 13 1d 18 
10 0d 13 1d 1f 
10 0d 13 24 00 
10 0d 14 1c 
10 0d 14 24 
10 0d 15 0a 18 
10 0d 15 0a 27 
10 0d 15 0c 18 
10 0d 15 0c 19 
10 0d 15 13 12 
10 0d 15 1b 18 
10 0d 15 1b 27 
10 0d 15 24 
10 0d 15 25 
10 0d 16 02 20 
10 0d 16 0b 00 
10 0d 16 0c 20 
10 0d 16 13 00 
10 0d 16 13 09 
10 0d 16 13 20 
10 0d 16 14 20 
10 0d 16 16 00 
10 0d 16 16 20 
10 0d 16 1b 01 
10 0d 16 1b 09 
10 0d 16 1b 1f 
10 0d 16 1d 09 
10 0d 16 1d 20 
10 0d 16 24 
10 0d 17 0a 01 
10 0d 17 0a 27 
10 0d 17 13 09 
10 0d 17 13 13 
10 0d 17 1b 09 
10 0d 17 1d 1f 
10 0d 17 24 
10 0d 18 02 01 
10 0d 18 02 09 
10 0d 18 02 0a 
10 0d 18 02 1b 
10 0d 18 02 26 
10 0d 18 02 27 
10 0d 18 03 00 
10 0d 18 03 09 
10 0d 18 03 20 
10 0d 18 03 27 
10 0d 18 09 01 
10 0d 18 09 08 
10 0d 18 09 09 
10 0d 18 09 0a 
10 0d 18 09 0f 
10 0d 18 09 1b 
10 0d 18 09 26 
10 0d 18 09 27 
10 0d 18 0a 01 
10 0d 18 0a 08 
10 0d 18 0a 09 
10 0d 18 0a 0a 
10 0d 18 0a 0f 
10 0d 18 0a 13 
10 0d 18 0a 1b 
10 0d 18 0a 1d 
10 0d 18 0a 26 
10 0d 18 0a 27 
10 0d 18 0b 09 
10 0d 18 0b 0a 
10 0d 18 0b 27 
10 0d 18 0c 09 
10 0d 18 0c 26 
10 0d 18 15 00 
10 0d 18 15 09 
10 0d 18 15 0f 
10 0d 18 16 09 
10 0d 18 16 0a 
10 0d 18 16 1b 
10 0d 18 16 26 
10 0d 18 16 27 
10 0d 18 1b 01 
10 0d 18 1b 09 
10 0d 18 1b 0a 
10 0d 18 1b 15 
10 0d 18 1b 27 
10 0d 18 24 09 
10 0d 18 24 1b 
10 0d 19 02 00 
10 0d 19 02 01 
10 0d 19 02 09 
10 0d 19 02 1e 
10 0d 19 02 27 
10 0d 19 03 01 
10 0d 19 03 09 
10 0d 19 09 08 
10 0d 19 09 0a 
10 0d 19 09 0f 
10 0d 19 09 16 
10 0d 19 09 1e 
10 0d 19 09 27 
10 0d 19 0a 0a 
10 0d 19 0a 0f 
10 0d 19 0a 1e 
10 0d 19 0a 26 
10 0d 19 0a 27 
10 0d 19 0c 01 
10 0d 19 0c 09 
10 0d 19 0c 0a 
10 0d 19 0c 16 
10 0d 19 0c 27 
10 0d 19 13 00 
10 0d 19 13 0a 
10 0d 19 13 1e 
10 0d 19 13 26 
10 0d 19 13 27 
10 0d 19 15 01 
10 0d 19 15 09 
10 0d 19 16 00 
10 0d 19 16 01 
10 0d 19 16 09 
10 0d 19 16 1e 
10 0d 19 16 26 
10 0d 19 16 27 
10 0d 19 1b 00 
10 0d 19 1b 01 
10 0d 19 1b 09 
10 0d 19 1b 1f 
10 0d 19 1c 00 
10 0d 19 1c 01 
10 0d 19 1c 27 
10 0d 19 24 00 
10 0d 19 24 01 
10 0d 19 24 09 
10 0d 19 24 27 
10 0d 1e 02 01 
10 0d 1e 02 09 
10 0d 1e 02 27 
10 0d 1e 03 18 
10 0d 1e 09 01 
10 0d 1e 09 09 
10 0d 1e 09 27 
10 0d 1e 0a 01 
10 0d 1e 0a 09 
10 0d 1e 0a 13 
10 0d 1e 0a 1f 
10 0d 1e 0a 27 
10 0d 1e 0b 09 
10 0d 1e 0c 01 
10 0d 1e 0c 09 
10 0d 1e 13 00 
10 0d 1e 13 09 
10 0d 1e 13 27 
10 0d 1e 16 01 
10 0d 1e 16 09 
10 0d 1e 1b 01 
10 0d 1e 1b 09 
10 0d 1e 1c 09 
10 0d 1e 1c 18 
10 0d 1e 25 18 
10 0d 1f 02 00 
10 0d 1f 02 08 
10 0d 1f 02 0a 
10 0d 1f 02 0f 
10 0d 1f 02 12 
10 0d 1f 02 1a 
10 0d 1f 02 1c 
10 0d 1f 02 20 
10 0d 1f 02 26 
10 0d 1f 03 01 
10 0d 1f 03 09 
10 0d 1f 09 00 
10 0d 1f 09 08 
10 0d 1f 09 0a 
10 0d 1f 09 12 
10 0d 1f 09 1a 
10 0d 1f 09 1c 
10 0d 1f 09 20 
10 0d 1f 09 26 
10 0d 1f 0a 00 
10 0d 1f 0a 0a 
10 0d 1f 0a 12 
10 0d 1f 0a 17 
10 0d 1f 0a 19 
10 0d 1f 0a 1a 
10 0d 1f 0a 1c 
10 0d 1f 0a 20 
10 0d 1f 0a 26 
10 0d 1f 0b 00 
10 0d 1f 0b 08 
10 0d 1f 0b 0a 
10 0d 1f 0b 0f 
10 0d 1f 0b 1c 
10 0d 1f 0b 26 
10 0d 1f 0c 00 
10 0d 1f 0c 08 
10 0d 1f 0c 17 
10 0d 1f 0c 20 
10 0d 1f 0c 26 
10 0d 1f 13 00 
10 0d 1f 13 08 
10 0d 1f 13 0a 
10 0d 1f 13 12 
10 0d 1f 13 1c 
10 0d 1f 13 26 
10 0d 1f 15 01 
10 0d 1f 15 09 
10 0d 1f 15 20 
10 0d 1f 15 26 
10 0d 1f 16 00 
10 0d 1f 16 08 
10 0d 1f 16 0a 
10 0d 1f 16 0f 
10 0d 1f 16 12 
10 0d 1f 16 1a 
10 0d 1f 16 1c 
10 0d 1f 16 20 
10 0d 1f 16 26 
10 0d 1f 1b 08 
10 0d 1f 1b 0a 
10 0d 1f 1b 0f 
10 0d 1f 1b 11 
10 0d 1f 1b 12 
10 0d 1f 1b 16 
10 0d 1f 1b 19 
10 0d 1f 1b 1a 
10 0d 1f 1b 26 
10 0d 1f 1c 01 
10 0d 1f 1c 0a 
10 0d 1f 1c 0f 
10 0d 1f 1c 13 
10 0d 1f 1c 15 
10 0d 1f 1c 1b 
10 0d 1f 1c 20 
10 0d 1f 24 0a 
10 0d 1f 24 0f 
10 0d 1f 24 1a 
10 0d 1f 25 01 
10 0d 1f 25 09 
10 0d 1f 
10 0d 20 02 00 
10 0d 20 02 01 
10 0d 20 02 08 
10 0d 20 02 16 
10 0d 20 02 1f 
10 0d 20 03 12 
10 0d 20 03 19 
10 0d 20 03 1f 
10 0d 20 03 26 
10 0d 20 09 16 
10 0d 20 09 19 
10 0d 20 09 1f 
10 0d 20 09 25 
10 0d 20 0a 17 
10 0d 20 0a 19 
10 0d 20 0a 1f 
10 0d 20 0b 01 
10 0d 20 0b 16 
10 0d 20 0b 1f 
10 0d 20 0b 25 
10 0d 20 0c 01 
10 0d 20 0c 08 
10 0d 20 0c 12 
10 0d 20 0c 16 
10 0d 20 0c 19 
10 0d 20 0c 1f 
10 0d 20 13 16 
10 0d 20 13 18 
10 0d 20 13 19 
10 0d 20 13 1a 
10 0d 20 13 1f 
10 0d 20 13 26 
10 0d 20 15 01 
10 0d 20 15 1f 
10 0d 20 16 00 
10 0d 20 16 01 
10 0d 20 16 08 
10 0d 20 16 16 
10 0d 20 16 19 
10 0d 20 16 1f 
10 0d 20 1c 09 
10 0d 20 1c 0f 
10 0d 20 25 1f 
10 0d 20 
10 0d 27 02 00 
10 0d 27 02 08 
10 0d 27 02 09 
10 0d 27 02 0a 
10 0d 27 02 12 
10 0d 27 02 18 
10 0d 27 02 19 
10 0d 27 02 1e 
10 0d 27 03 00 
10 0d 27 03 18 
10 0d 27 03 21 
10 0d 27 09 08 
10 0d 27 09 0a 
10 0d 27 09 18 
10 0d 27 09 19 
10 0d 27 09 1e 
10 0d 27 09 24 
10 0d 27 0a 0a 
10 0d 27 0a 18 
10 0d 27 0a 19 
10 0d 27 0a 1e 
10 0d 27 0b 00 
10 0d 27 0b 01 
10 0d 27 0b 0f 
10 0d 27 0b 18 
10 0d 27 0b 24 
10 0d 27 13 0a 
10 0d 27 13 0f 
10 0d 27 13 13 
10 0d 27 13 18 
10 0d 27 13 19 
10 0d 27 13 1e 
10 0d 27 13 22 
10 0d 27 15 00 
10 0d 27 15 09 
10 0d 27 15 0a 
10 0d 27 15 12 
10 0d 27 15 13 
10 0d 27 15 18 
10 0d 27 15 19 
10 0d 27 16 00 
10 0d 27 16 08 
10 0d 27 16 09 
10 0d 27 16 0a 
10 0d 27 16 12 
10 0d 27 16 18 
10 0d 27 16 19 
10 0d 27 1b 00 
10 0d 27 1b 01 
10 0d 27 1b 0a 
10 0d 27 1b 0f 
10 0d 27 1b 12 
10 0d 27 1b 15 
10 0d 27 1b 21 
10 0d 27 1c 01 
10 0d 27 1c 0a 
10 0d 27 1c 0f 
10 0d 27 1c 19 
10 0d 27 1c 1e 
10 0d 27 1c 1f 
10 0d 27 24 00 
10 0d 27 24 08 
10 0d 27 24 0a 
10 0d 27 24 12 
10 0d 27 24 18 
10 0d 27 24 19 
10 0d 27 24 1f 
10 0d 27 24 21 
10 0d 27 25 21 
10 0d 27 25 24 
10 0d 27 
10 13 00 03 02 
10 13 00 03 08 
10 13 00 03 09 
10 13 00 03 0f 
10 13 00 03 12 
10 13 00 03 15 
10 13 00 03 27 
10 13 00 0a 01 
10 13 00 0a 02 
10 13 00 0a 08 
10 13 00 0a 09 
10 13 00 0a 0e 
10 13 00 0a 0f 
10 13 00 0a 12 
10 13 00 0a 14 
10 13 00 0c 01 
10 13 00 0c 03 
10 13 00 0c 09 
10 13 00 10 09 
10 13 00 10 0f 
10 13 00 10 12 
10 13 00 10 18 
10 13 00 10 20 
10 13 00 10 27 
10 13 00 14 09 
10 13 00 14 16 
10 13 00 14 18 
10 13 00 14 27 
10 13 00 15 04 
10 13 00 15 08 
10 13 00 15 09 
10 13 00 15 0f 
10 13 00 15 12 
10 13 00 16 03 
10 13 00 16 08 
10 13 00 16 09 
10 13 00 16 0e 
10 13 00 16 0f 
10 13 00 17 03 
10 13 00 17 09 
10 13 00 17 0f 
10 13 00 17 12 
10 13 00 1b 09 
10 13 00 1b 27 
10 13 00 1c 03 
10 13 00 1c 09 
10 13 00 1c 11 
10 13 00 1e 03 
10 13 00 1e 09 
10 13 00 1e 0f 
10 13 00 1e 27 
10 13 00 24 09 
10 13 00 24 27 
10 13 00 25 04 
10 13 00 25 09 
10 13 00 25 0f 
10 13 00 25 12 
10 13 00 25 27 
10 13 01 04 00 
10 13 01 04 06 
10 13 01 0a 03 
10 13 01 0a 04 
10 13 01 0a 06 
10 13 01 0a 07 
10 13 01 0c 06 
10 13 01 0d 00 
10 13 01 0d 06 
10 13 01 10 00 
10 13 01 10 01 
10 13 01 10 02 
10 13 01 10 06 
10 13 01 14 00 
10 13 01 14 02 
10 13 01 14 06 
10 13 01 16 06 
10 13 01 17 01 
10 13 01 17 06 
10 13 01 17 12 
10 13 01 1b 02 
10 13 01 1b 06 
10 13 01 1e 03 
10 13 01 1e 04 
10 13 01 24 02 
10 13 01 24 06 
10 13 01 25 06 
10 13 01 25 12 
10 13 08 04 20 
10 13 08 0a 00 
10 13 08 0a 0e 
10 13 08 0a 18 
10 13 08 0a 19 
10 13 08 0a 1e 
10 13 08 0a 1f 
10 13 08 0a 20 
10 13 08 0d 13 
10 13 08 0d 1e 
10 13 08 0d 1f 
10 13 08 0d 20 
10 13 08 10 01 
10 13 08 10 02 
10 13 08 10 0d 
10 13 08 10 1e 
10 13 08 10 1f 
10 13 08 14 09 
10 13 08 14 1f 
10 13 08 15 20 
10 13 08 16 0e 
10 13 08 16 19 
10 13 08 16 1e 
10 13 08 16 1f 
10 13 08 17 01 
10 13 08 17 02 
10 13 08 17 0d 
10 13 08 17 18 
10 13 08 17 19 
10 13 08 17 1e 
10 13 08 17 1f 
10 13 08 17 27 
10 13 08 1b 19 
10 13 08 1b 1f 
10 13 08 1b 20 
10 13 08 1c 19 
10 13 08 1c 1f 
10 13 08 1c 20 
10 13 08 1e 02 
10 13 08 1e 0b 
10 13 08 1e 13 
10 13 08 1e 19 
10 13 08 1e 1e 
10 13 08 1e 1f 
10 13 08 1e 20 
10 13 08 1e 27 
10 13 08 24 1f 
10 13 08 24 20 
10 13 08 25 00 
10 13 08 25 0d 
10 13 08 25 1f 
10 13 08 25 20 
10 13 09 03 00 
10 13 09 03 0f 
10 13 09 03 13 
10 13 09 03 18 
10 13 09 04 0e 
10 13 09 04 18 
10 13 09 0a 00 
10 13 09 0a 02 
10 13 09 0a 0e 
10 13 09 0a 13 
10 13 09 0a 18 
10 13 09 0a 20 
10 13 09 0c 00 
10 13 09 0c 0d 
10 13 09 0c 0e 
10 13 09 0c 16 
10 13 09 0c 18 
10 13 09 0c 1e 
10 13 09 0c 20 
10 13 09 0d 02 
10 13 09 0d 0c 
10 13 09 0d 0e 
10 13 09 0d 13 
10 13 09 0d 16 
10 13 09 0d 17 
10 13 09 0d 20 
10 13 09 10 00 
10 13 09 10 02 
10 13 09 10 0c 
10 13 09 10 0e 
10 13 09 10 16 
10 13 09 10 18 
10 13 09 10 19 
10 13 09 10 1e 
10 13 09 10 20 
10 13 09 15 08 
10 13 09 15 0f 
10 13 09 16 01 
10 13 09 16 0e 
10 13 09 16 0f 
10 13 09 16 16 
10 13 09 16 19 
10 13 09 16 1e 
10 13 09 16 20 
10 13 09 17 00 
10 13 09 17 02 
10 13 09 17 0c 
10 13 09 17 0e 
10 13 09 17 16 
10 13 09 17 18 
10 13 09 17 1e 
10 13 09 17 20 
10 13 09 1b 00 
10 13 09 1b 02 
10 13 09 1b 1f 
10 13 09 1b 27 
10 13 09 1c 00 
10 13 09 1c 02 
10 13 09 1c 20 
10 13 09 1e 00 
10 13 09 1e 02 
10 13 09 1e 11 
10 13 09 1e 18 
10 13 09 1e 20 
10 13 09 24 00 
10 13 09 24 02 
10 13 09 24 1f 
10 13 09 24 27 
10 13 09 25 0e 
10 13 09 25 16 
10 13 09 25 18 
10 13 09 25 1e 
10 13 09 25 20 
10 13 0a 03 08 
10 13 0a 03 27 
10 13 0a 0a 02 
10 13 0a 0a 1f 
10 13 0a 0a 20 
10 13 0a 0a 27 
10 13 0a 0c 00 
10 13 0a 0c 1f 
10 13 0a 0c 20 
10 13 0a 0d 02 
10 13 0a 0d 1f 
10 13 0a 0d 20 
10 13 0a 0d 27 
10 13 0a 10 1f 
10 13 0a 10 27 
10 13 0a 15 08 
10 13 0a 17 01 
10 13 0a 17 1f 
10 13 0a 17 27 
10 13 0a 1c 1f 
10 13 0a 1c 20 
10 13 0a 1e 02 
10 13 0a 1e 09 
10 13 0a 1e 19 
10 13 0a 1e 1f 
10 13 0a 1e 20 
10 13 0a 1e 27 
10 13 0f 03 02 
10 13 0f 03 12 
10 13 0f 03 1e 
10 13 0f 04 09 
10 13 0f 04 1f 
10 13 0f 0a 08 
10 13 0f 0a 12 
10 13 0f 0a 18 
10 13 0f 0a 19 
10 13 0f 0a 1e 
10 13 0f 0a 27 
10 13 0f 0c 08 
10 13 0f 0c 09 
10 13 0f 0c 12 
10 13 0f 0c 19 
10 13 0f 0c 27 
10 13 0f 0d 0a 
10 13 0f 0d 12 
10 13 0f 0d 18 
10 13 0f 0d 1e 
10 13 0f 0d 27 
10 13 0f 10 01 
10 13 0f 10 02 
10 13 0f 10 0a 
10 13 0f 10 1f 
10 13 0f 10 20 
10 13 0f 10 27 
10 13 0f 14 01 
10 13 0f 14 12 
10 13 0f 14 1f 
10 13 0f 14 27 
10 13 0f 15 09 
10 13 0f 15 12 
10 13 0f 15 1f 
10 13 0f 15 27 
10 13 0f 16 02 
10 13 0f 16 08 
10 13 0f 16 12 
10 13 0f 16 18 
10 13 0f 16 19 
10 13 0f 17 01 
10 13 0f 17 0a 
10 13 0f 17 12 
10 13 0f 17 18 
10 13 0f 17 19 
10 13 0f 17 1e 
10 13 0f 1b 1f 
10 13 0f 1b 27 
10 13 0f 1c 0a 
10 13 0f 1c 1f 
10 13 0f 1e 11 
10 13 0f 1e 12 
10 13 0f 1e 13 
10 13 0f 1e 19 
10 13 0f 1e 1e 
10 13 0f 1e 1f 
10 13 0f 1e 27 
10 13 0f 24 1f 
10 13 0f 24 27 
10 13 0f 25 09 
10 13 0f 25 12 
10 13 0f 25 1e 
10 13 0f 25 1f 
10 13 10 04 
10 13 10 0b 00 
10 13 10 0d 20 
10 13 12 03 01 
10 13 12 03 0f 
10 13 12 03 20 
10 13 12 0a 00 
10 13 12 0a 0f 
10 13 12 0a 18 
10 13 12 0a 1f 
10 13 12 0b 0f 
10 13 12 0b 16 
10 13 12 0d 0f 
10 13 12 0d 18 
10 13 12 0d 1f 
10 13 12 14 0f 
10 13 12 15 00 
10 13 12 15 0f 
10 13 12 15 27 
10 13 12 16 0f 
10 13 12 17 00 
10 13 12 17 0f 
10 13 12 17 1f 
10 13 12 1c 20 
10 13 12 1d 0f 
10 13 12 1e 0f 
10 13 12 25 01 
10 13 12 25 0f 
10 13 13 03 27 
10 13 13 0a 09 
10 13 13 0a 1e 
10 13 13 0d 00 
10 13 13 0d 08 
10 13 13 0d 27 
10 13 13 1e 08 
10 13 13 1e 0f 
10 13 14 04 
10 13 14 0a 00 
10 13 15 0a 12 
10 13 15 0b 09 
10 13 15 0b 10 
10 13 15 0b 18 
10 13 15 0b 1f 
10 13 15 0b 20 
10 13 15 0d 12 
10 13 15 1d 20 
10 13 15 1e 1f 
10 13 16 0a 08 
10 13 16 0a 18 
10 13 16 0a 19 
10 13 16 0a 1e 
10 13 16 0b 00 
10 13 16 0b 01 
10 13 16 0b 19 
10 13 16 0b 27 
10 13 16 10 01 
10 13 16 10 09 
10 13 16 10 19 
10 13 16 15 20 
10 13 16 16 09 
10 13 16 16 19 
10 13 16 16 20 
10 13 16 16 27 
10 13 16 17 09 
10 13 16 17 19 
10 13 16 17 20 
10 13 16 1b 19 
10 13 16 24 19 
10 13 16 25 09 
10 13 16 25 19 
10 13 18 03 09 
10 13 18 03 0a 
10 13 18 03 20 
10 13 18 04 09 
10 13 18 04 20 
10 13 18 0a 09 
10 13 18 0a 0a 
10 13 18 0a 0f 
10 13 18 0a 16 
10 13 18 0a 17 
10 13 18 0a 1a 
10 13 18 0a 1d 
10 13 18 0a 26 
10 13 18 0a 27 
10 13 18 0c 0f 
10 13 18 0d 00 
10 13 18 0d 0a 
10 13 18 0d 0f 
10 13 18 0d 1a 
10 13 18 0d 20 
10 13 18 0d 26 
10 13 18 0d 27 
10 13 18 10 00 
10 13 18 10 01 
10 13 18 10 09 
10 13 18 10 27 
10 13 18 14 00 
10 13 18 14 09 
10 13 18 14 0a 
10 13 18 15 1b 
10 13 18 16 00 
10 13 18 16 0f 
10 13 18 16 1b 
10 13 18 1e 08 
10 13 18 1e 09 
10 13 18 1e 0a 
10 13 18 1e 0f 
10 13 18 1e 1a 
10 13 19 03 00 
10 13 19 03 1e 
10 13 19 0a 0f 
10 13 19 0a 16 
10 13 19 0a 1e 
10 13 19 0a 26 
10 13 19 0c 1e 
10 13 19 0c 26 
10 13 19 0c 27 
10 13 19 0d 00 
10 13 19 0d 0a 
10 13 19 0d 1e 
10 13 19 0d 26 
10 13 19 0d 27 
10 13 19 10 09 
10 13 19 10 0a 
10 13 19 10 16 
10 13 19 10 1f 
10 13 19 10 27 
10 13 19 14 01 
10 13 19 14 08 
10 13 19 14 27 
10 13 19 16 01 
10 13 19 16 08 
10 13 19 16 09 
10 13 19 16 0f 
10 13 19 16 16 
10 13 19 16 1f 
10 13 19 16 26 
10 13 19 17 08 
10 13 19 17 0a 
10 13 19 17 0f 
10 13 19 17 16 
10 13 19 17 1e 
10 13 19 17 27 
10 13 19 1b 08 
10 13 19 1b 16 
10 13 19 1c 09 
10 13 19 1c 0f 
10 13 19 1c 16 
10 13 19 1c 1e 
10 13 19 1e 08 
10 13 19 1e 0f 
10 13 19 1e 1e 
10 13 19 1e 26 
10 13 19 24 16 
10 13 19 25 16 
10 13 19 25 18 
10 13 19 25 1e 
10 13 19 25 27 
10 13 1e 03 00 
10 13 1e 03 27 
10 13 1e 0a 09 
10 13 1e 0a 13 
10 13 1e 0a 16 
10 13 1e 0a 1f 
10 13 1e 0a 27 
10 13 1e 0c 18 
10 13 1e 0d 00 
10 13 1e 0d 09 
10 13 1e 0d 27 
10 13 1e 10 01 
10 13 1e 10 20 
10 13 1e 14 09 
10 13 1e 15 18 
10 13 1e 16 00 
10 13 1e 16 01 
10 13 1e 16 26 
10 13 1e 17 01 
10 13 1e 17 09 
10 13 1e 17 27 
10 13 1e 1b 08 
10 13 1e 1c 09 
10 13 1e 1c 18 
10 13 1e 1e 08 
10 13 1e 1e 09 
10 13 1e 25 00 
10 13 1e 25 18 
10 13 1f 03 1c 
10 13 1f 04 00 
10 13 1f 04 0a 
10 13 1f 04 12 
10 13 1f 04 1a 
10 13 1f 0a 00 
10 13 1f 0a 08 
10 13 1f 0a 0a 
10 13 1f 0a 12 
10 13 1f 0a 17 
10 13 1f 0a 1c 
10 13 1f 0a 26 
10 13 1f 0c 0a 
10 13 1f 0c 0f 
10 13 1f 0c 19 
10 13 1f 0d 00 
10 13 1f 0d 08 
10 13 1f 0d 0a 
10 13 1f 0d 12 
10 13 1f 0d 1c 
10 13 1f 0d 26 
10 13 1f 10 01 
10 13 1f 10 08 
10 13 1f 10 0a 
10 13 1f 10 0f 
10 13 1f 10 18 
10 13 1f 10 19 
10 13 1f 10 1a 
10 13 1f 10 26 
10 13 1f 10 27 
10 13 1f 14 08 
10 13 1f 14 0a 
10 13 1f 14 0f 
10 13 1f 14 18 
10 13 1f 14 1a 
10 13 1f 14 26 
10 13 1f 15 0f 
10 13 1f 15 20 
10 13 1f 16 08 
10 13 1f 16 0a 
10 13 1f 16 1a 
10 13 1f 16 20 
10 13 1f 16 26 
10 13 1f 17 00 
10 13 1f 17 08 
10 13 1f 17 0a 
10 13 1f 17 12 
10 13 1f 17 1a 
10 13 1f 17 1c 
10 13 1f 17 20 
10 13 1f 17 26 
10 13 1f 1b 00 
10 13 1f 1b 08 
10 13 1f 1b 09 
10 13 1f 1b 0f 
10 13 1f 1b 19 
10 13 1f 1c 08 
10 13 1f 1c 0a 
10 13 1f 1c 0f 
10 13 1f 1c 12 
10 13 1f 1c 1b 
10 13 1f 1c 1c 
10 13 1f 1e 00 
10 13 1f 1e 08 
10 13 1f 1e 0f 
10 13 1f 1e 1c 
10 13 1f 1e 26 
10 13 1f 1e 27 
10 13 1f 24 08 
10 13 1f 24 09 
10 13 1f 24 0f 
10 13 1f 24 19 
10 13 1f 25 08 
10 13 1f 25 0a 
10 13 1f 25 0f 
10 13 1f 25 1a 
10 13 1f 25 27 
10 13 20 03 25 
10 13 20 04 08 
10 13 20 04 18 
10 13 20 0a 08 
10 13 20 0a 0a 
10 13 20 0c 17 
10 13 20 0c 25 
10 13 20 0d 08 
10 13 20 0d 0a 
10 13 20 0d 10 
10 13 20 0d 13 
10 13 20 0d 16 
10 13 20 0d 18 
10 13 20 0d 25 
10 13 20 0d 27 
10 13 20 10 01 
10 13 20 10 08 
10 13 20 10 0f 
10 13 20 10 18 
10 13 20 10 1a 
10 13 20 10 25 
10 13 20 15 0f 
10 13 20 15 12 
10 13 20 15 20 
10 13 20 16 08 
10 13 20 16 0a 
10 13 20 16 18 
10 13 20 16 1a 
10 13 20 16 25 
10 13 20 17 08 
10 13 20 17 0a 
10 13 20 17 18 
10 13 20 17 1a 
10 13 20 17 25 
10 13 20 1b 08 
10 13 20 1c 08 
10 13 20 1c 0a 
10 13 20 1c 12 
10 13 20 1c 25 
10 13 20 1e 08 
10 13 20 1e 0a 
10 13 20 24 08 
10 13 20 25 08 
10 13 20 25 1a 
10 13 20 25 25 
10 13 20 25 27 
10 13 20 
10 13 27 03 08 
10 13 27 03 0a 
10 13 27 03 13 
10 13 27 03 1e 
10 13 27 03 24 
10 13 27 04 09 
10 13 27 04 0a 
10 13 27 04 0f 
10 13 27 04 22 
10 13 27 0a 0a 
10 13 27 0a 0f 
10 13 27 0a 17 
10 13 27 0a 18 
10 13 27 0a 1e 
10 13 27 0a 21 
10 13 27 0a 24 
10 13 27 0c 00 
10 13 27 0c 19 
10 13 27 0c 20 
10 13 27 0d 0a 
10 13 27 0d 0f 
10 13 27 0d 13 
10 13 27 0d 18 
10 13 27 0d 19 
10 13 27 0d 1e 
10 13 27 0d 22 
10 13 27 10 0a 
10 13 27 10 0f 
10 13 27 10 18 
10 13 27 10 19 
10 13 27 10 1f 
10 13 27 10 20 
10 13 27 14 00 
10 13 27 14 08 
10 13 27 14 0a 
10 13 27 14 0f 
10 13 27 14 13 
10 13 27 14 19 
10 13 27 14 1f 
10 13 27 15 0f 
10 13 27 15 12 
10 13 27 15 22 
10 13 27 16 00 
10 13 27 16 01 
10 13 27 16 0a 
10 13 27 16 19 
10 13 27 16 20 
10 13 27 17 08 
10 13 27 17 0a 
10 13 27 17 18 
10 13 27 17 19 
10 13 27 17 1e 
10 13 27 17 24 
10 13 27 1b 09 
10 13 27 1b 0f 
10 13 27 1c 0a 
10 13 27 1c 19 
10 13 27 1e 08 
10 13 27 1e 0a 
10 13 27 1e 0f 
10 13 27 1e 1f 
10 13 27 1e 20 
10 13 27 1e 24 
10 13 27 24 09 
10 13 27 24 0f 
10 13 27 25 18 
10 13 27 25 19 
10 13 27 25 1f 
10 13 27 25 20 
10 13 27 25 22 
10 15 00 03 01 
10 15 00 03 03 
10 15 00 03 0e 
10 15 00 03 18 
10 15 00 04 18 
10 15 00 0a 18 
10 15 00 0a 1e 
10 15 00 0c 03 
10 15 00 0c 16 
10 15 00 0c 18 
10 15 00 0c 1e 
10 15 00 0d 18 
10 15 00 10 03 
10 15 00 10 08 
10 15 00 10 0e 
10 15 00 10 18 
10 15 00 10 19 
10 15 00 10 27 
10 15 00 11 03 
10 15 00 11 08 
10 15 00 11 0e 
10 15 00 11 18 
10 15 00 11 1e 
10 15 00 12 03 
10 15 00 12 08 
10 15 00 12 0e 
10 15 00 12 18 
10 15 00 12 1e 
10 15 00 13 00 
10 15 00 13 16 
10 15 00 13 19 
10 15 00 1b 01 
10 15 00 1b 03 
10 15 00 1b 08 
10 15 00 1b 10 
10 15 00 1b 12 
10 15 00 1b 15 
10 15 00 1b 18 
10 15 00 1b 1e 
10 15 00 1c 03 
10 15 00 1c 11 
10 15 00 1e 18 
10 15 00 1e 1e 
10 15 00 24 08 
10 15 00 24 18 
10 15 00 25 03 
10 15 00 
10 15 01 03 00 
10 15 01 03 06 
10 15 01 03 08 
10 15 01 03 09 
10 15 01 03 0f 
10 15 01 04 19 
10 15 01 04 1f 
10 15 01 0a 00 
10 15 01 0a 04 
10 15 01 0a 09 
10 15 01 0a 18 
10 15 01 0a 19 
10 15 01 0a 1e 
10 15 01 0c 0f 
10 15 01 0c 1e 
10 15 01 0d 19 
10 15 01 0d 1f 
10 15 01 10 00 
10 15 01 10 08 
10 15 01 10 09 
10 15 01 10 0f 
10 15 01 10 19 
10 15 01 10 1e 
10 15 01 11 04 
10 15 01 11 08 
10 15 01 11 0a 
10 15 01 11 0f 
10 15 01 11 18 
10 15 01 11 1e 
10 15 01 12 00 
10 15 01 12 0f 
10 15 01 12 1e 
10 15 01 12 20 
10 15 01 12 27 
10 15 01 13 06 
10 15 01 13 16 
10 15 01 13 19 
10 15 01 14 09 
10 15 01 14 0f 
10 15 01 14 15 
10 15 01 14 18 
10 15 01 14 19 
10 15 01 14 1e 
10 15 01 14 20 
10 15 01 1b 06 
10 15 01 1b 08 
10 15 01 1b 0a 
10 15 01 1b 0f 
10 15 01 1b 15 
10 15 01 1b 19 
10 15 01 1b 1e 
10 15 01 1c 00 
10 15 01 1c 0f 
10 15 01 1c 20 
10 15 01 1e 04 
10 15 01 1e 07 
10 15 01 1e 08 
10 15 01 1e 0a 
10 15 01 1e 11 
10 15 01 1e 19 
10 15 01 1e 1e 
10 15 01 24 06 
10 15 01 24 19 
10 15 01 24 1e 
10 15 01 24 1f 
10 15 01 25 04 
10 15 01 25 0a 
10 15 01 25 15 
10 15 01 25 18 
10 15 01 25 1e 
10 15 08 0a 0e 
10 15 08 0a 18 
10 15 08 0a 19 
10 15 08 0a 1e 
10 15 08 0a 1f 
10 15 08 10 01 
10 15 08 10 1f 
10 15 08 10 20 
10 15 08 10 27 
10 15 08 12 0d 
10 15 08 12 19 
10 15 08 12 20 
10 15 08 13 0d 
10 15 08 14 1e 
10 15 08 14 1f 
10 15 08 14 20 
10 15 08 1b 00 
10 15 08 1b 01 
10 15 08 1b 02 
10 15 08 1b 0e 
10 15 08 1b 19 
10 15 08 1b 1e 
10 15 08 1b 20 
10 15 08 1c 19 
10 15 08 1e 01 
10 15 08 1e 02 
10 15 08 1e 0b 
10 15 08 1e 0e 
10 15 08 1e 11 
10 15 08 1e 12 
10 15 08 1e 19 
10 15 08 1e 1e 
10 15 08 1e 1f 
10 15 08 24 00 
10 15 08 24 1f 
10 15 08 25 00 
10 15 08 25 1e 
10 15 08 25 1f 
10 15 09 03 01 
10 15 09 03 0e 
10 15 09 03 18 
10 15 09 03 19 
10 15 09 03 1e 
10 15 09 04 0f 
10 15 09 04 18 
10 15 09 04 19 
10 15 09 04 1f 
10 15 09 0a 01 
10 15 09 0a 02 
10 15 09 0a 0c 
10 15 09 0a 18 
10 15 09 0a 19 
10 15 09 0a 20 
10 15 09 0c 0c 
10 15 09 0c 0d 
10 15 09 0c 16 
10 15 09 0c 18 
10 15 09 0c 19 
10 15 09 0c 1e 
10 15 09 0d 0f 
10 15 09 0d 18 
10 15 09 0d 19 
10 15 09 0d 1f 
10 15 09 0d 20 
10 15 09 10 01 
10 15 09 10 02 
10 15 09 10 08 
10 15 09 10 0e 
10 15 09 10 0f 
10 15 09 10 18 
10 15 09 10 19 
10 15 09 10 1e 
10 15 09 10 27 
10 15 09 11 00 
10 15 09 11 02 
10 15 09 11 0c 
10 15 09 11 0e 
10 15 09 11 16 
10 15 09 11 18 
10 15 09 11 1e 
10 15 09 11 20 
10 15 09 12 00 
10 15 09 12 02 
10 15 09 12 0e 
10 15 09 12 18 
10 15 09 12 1e 
10 15 09 13 00 
10 15 09 13 19 
10 15 09 14 02 
10 15 09 14 08 
10 15 09 14 0e 
10 15 09 14 18 
10 15 09 14 19 
10 15 09 14 1e 
10 15 09 1b 02 
10 15 09 1b 0c 
10 15 09 1b 16 
10 15 09 1b 18 
10 15 09 1b 1e 
10 15 09 1b 20 
10 15 09 1c 0f 
10 15 09 1c 19 
10 15 09 1c 1e 
10 15 09 1e 02 
10 15 09 1e 0c 
10 15 09 1e 11 
10 15 09 1e 16 
10 15 09 1e 18 
10 15 09 1e 1e 
10 15 09 1e 20 
10 15 09 24 0e 
10 15 09 24 16 
10 15 09 24 1e 
10 15 09 24 20 
10 15 09 25 0c 
10 15 0a 03 08 
10 15 0a 03 20 
10 15 0a 0a 18 
10 15 0a 0a 1f 
10 15 0a 0c 08 
10 15 0a 0c 1f 
10 15 0a 0d 18 
10 15 0a 10 00 
10 15 0a 10 27 
10 15 0a 11 01 
10 15 0a 11 1f 
10 15 0a 11 27 
10 15 0a 12 02 
10 15 0a 12 20 
10 15 0a 12 27 
10 15 0a 13 08 
10 15 0a 14 1f 
10 15 0a 1b 01 
10 15 0a 1b 1f 
10 15 0a 1b 20 
10 15 0a 1c 08 
10 15 0a 1e 01 
10 15 0a 1e 09 
10 15 0a 1e 12 
10 15 0a 1e 15 
10 15 0a 1e 1f 
10 15 0a 25 01 
10 15 0a 25 20 
10 15 0f 03 01 
10 15 0f 03 08 
10 15 0f 03 0a 
10 15 0f 03 12 
10 15 0f 04 12 
10 15 0f 0a 02 
10 15 0f 0a 0a 
10 15 0f 0a 18 
10 15 0f 0a 19 
10 15 0f 0c 0a 
10 15 0f 0c 12 
10 15 0f 0c 19 
10 15 0f 0c 1f 
10 15 0f 0d 12 
10 15 0f 0d 18 
10 15 0f 10 01 
10 15 0f 10 09 
10 15 0f 10 12 
10 15 0f 10 1e 
10 15 0f 10 1f 
10 15 0f 11 01 
10 15 0f 11 0a 
10 15 0f 11 12 
10 15 0f 11 18 
10 15 0f 11 19 
10 15 0f 11 1e 
10 15 0f 12 02 
10 15 0f 12 09 
10 15 0f 12 12 
10 15 0f 12 18 
10 15 0f 12 19 
10 15 0f 12 1f 
10 15 0f 12 27 
10 15 0f 14 01 
10 15 0f 14 18 
10 15 0f 14 27 
10 15 0f 1b 01 
10 15 0f 1b 02 
10 15 0f 1b 0a 
10 15 0f 1b 1e 
10 15 0f 1b 20 
10 15 0f 1c 01 
10 15 0f 1c 02 
10 15 0f 1c 0a 
10 15 0f 1e 02 
10 15 0f 1e 0a 
10 15 0f 1e 12 
10 15 0f 1e 19 
10 15 0f 25 0a 
10 15 0f 25 20 
10 15 10 1b 00 
10 15 10 1d 20 
10 15 10 24 
10 15 12 03 0f 
10 15 12 03 1f 
10 15 12 04 0f 
10 15 12 0d 0f 
10 15 12 10 0f 
10 15 12 10 1f 
10 15 12 10 27 
10 15 12 11 00 
10 15 12 11 0f 
10 15 12 11 1f 
10 15 12 12 00 
10 15 12 12 01 
10 15 12 12 0f 
10 15 12 12 1f 
10 15 12 13 00 
10 15 12 1d 01 
10 15 12 1d 0f 
10 15 12 1d 20 
10 15 12 1d 27 
10 15 12 1e 08 
10 15 12 1e 0a 
10 15 12 1e 0f 
10 15 12 1e 18 
10 15 13 0a 09 
10 15 13 0b 00 
10 15 13 1b 16 
10 15 13 1d 00 
10 15 13 1d 08 
10 15 13 1d 09 
10 15 13 1d 10 
10 15 13 1d 1f 
10 15 13 1e 16 
10 15 14 1e 20 
10 15 14 24 
10 15 15 0a 18 
10 15 15 0a 19 
10 15 15 1b 01 
10 15 15 1b 18 
10 15 15 1b 20 
10 15 15 1e 0a 
10 15 15 1e 1f 
10 15 15 25 01 
10 15 16 03 19 
10 15 16 03 27 
10 15 16 0a 19 
10 15 16 0b 19 
10 15 16 0c 00 
10 15 16 11 09 
10 15 16 11 19 
10 15 16 11 20 
10 15 16 12 19 
10 15 16 13 01 
10 15 16 13 19 
10 15 16 13 20 
10 15 16 14 19 
10 15 16 1b 08 
10 15 16 1b 09 
10 15 16 1b 19 
10 15 16 1d 12 
10 15 16 1d 19 
10 15 16 1e 08 
10 15 16 1e 09 
10 15 16 1e 19 
10 15 16 1e 20 
10 15 16 25 00 
10 15 16 25 19 
10 15 16 25 27 
10 15 18 03 00 
10 15 18 03 09 
10 15 18 03 1b 
10 15 18 03 20 
10 15 18 04 00 
10 15 18 04 09 
10 15 18 0a 00 
10 15 18 0a 01 
10 15 18 0a 09 
10 15 18 0a 0a 
10 15 18 0a 0f 
10 15 18 0a 15 
10 15 18 0a 1d 
10 15 18 0a 26 
10 15 18 0c 00 
10 15 18 0c 09 
10 15 18 0c 0f 
10 15 18 0d 00 
10 15 18 0d 09 
10 15 18 0d 0f 
10 15 18 10 09 
10 15 18 10 0a 
10 15 18 10 1b 
10 15 18 10 26 
10 15 18 10 27 
10 15 18 11 01 
10 15 18 11 08 
10 15 18 11 09 
10 15 18 11 0a 
10 15 18 11 0f 
10 15 18 11 1b 
10 15 18 11 26 
10 15 18 11 27 
10 15 18 12 09 
10 15 18 12 0a 
10 15 18 12 0f 
10 15 18 12 1a 
10 15 18 13 00 
10 15 18 14 09 
10 15 18 14 1f 
10 15 18 1b 00 
10 15 18 1b 09 
10 15 18 1b 0a 
10 15 18 1b 15 
10 15 18 1e 00 
10 15 18 1e 08 
10 15 18 1e 09 
10 15 18 1e 0a 
10 15 18 1e 0f 
10 15 18 1e 1a 
10 15 18 1e 20 
10 15 18 24 00 
10 15 19 03 09 
10 15 19 03 0a 
10 15 19 03 16 
10 15 19 03 1f 
10 15 19 04 01 
10 15 19 04 09 
10 15 19 0a 01 
10 15 19 0a 09 
10 15 19 0a 0a 
10 15 19 0a 0f 
10 15 19 0a 15 
10 15 19 0a 16 
10 15 19 0a 17 
10 15 19 0c 09 
10 15 19 0c 1e 
10 15 19 0d 01 
10 15 19 0d 09 
10 15 19 10 00 
10 15 19 10 01 
10 15 19 10 09 
10 15 19 10 1e 
10 15 19 10 26 
10 15 19 10 27 
10 15 19 11 08 
10 15 19 11 0a 
10 15 19 11 0f 
10 15 19 11 16 
10 15 19 11 1e 
10 15 19 11 27 
10 15 19 12 08 
10 15 19 12 0f 
10 15 19 12 16 
10 15 19 12 18 
10 15 19 12 26 
10 15 19 13 01 
10 15 19 13 09 
10 15 19 13 16 
10 15 19 13 1f 
10 15 19 14 01 
10 15 19 14 09 
10 15 19 14 16 
10 15 19 14 27 
10 15 19 1b 01 
10 15 19 1b 08 
10 15 19 1b 0a 
10 15 19 1b 16 
10 15 19 1b 1e 
10 15 19 1c 01 
10 15 19 1c 0f 
10 15 19 1c 16 
10 15 19 1c 18 
10 15 19 1c 1f 
10 15 19 1e 01 
10 15 19 1e 08 
10 15 19 1e 0a 
10 15 19 1e 0f 
10 15 19 1e 16 
10 15 19 1e 18 
10 15 19 24 09 
10 15 19 24 1f 
10 15 19 25 0a 
10 15 19 25 16 
10 15 19 25 26 
10 15 1e 0a 00 
10 15 1e 0a 01 
10 15 1e 0a 09 
10 15 1e 0a 0f 
10 15 1e 0a 1f 
10 15 1e 0a 26 
10 15 1e 0c 00 
10 15 1e 0c 09 
10 15 1e 10 01 
10 15 1e 10 09 
10 15 1e 11 01 
10 15 1e 11 09 
10 15 1e 11 27 
10 15 1e 13 18 
10 15 1e 1b 00 
10 15 1e 1b 01 
10 15 1e 1b 09 
10 15 1e 1b 26 
10 15 1e 1c 00 
10 15 1e 1c 09 
10 15 1e 1c 20 
10 15 1e 1e 00 
10 15 1e 1e 01 
10 15 1e 1e 09 
10 15 1e 1e 26 
10 15 1e 25 01 
10 15 1e 25 18 
10 15 1f 03 00 
10 15 1f 03 08 
10 15 1f 03 0a 
10 15 1f 03 12 
10 15 1f 03 1a 
10 15 1f 04 01 
10 15 1f 04 09 
10 15 1f 04 20 
10 15 1f 04 26 
10 15 1f 0a 00 
10 15 1f 0a 08 
10 15 1f 0a 17 
10 15 1f 0a 20 
10 15 1f 0a 26 
10 15 1f 0c 00 
10 15 1f 0c 20 
10 15 1f 0c 26 
10 15 1f 0d 01 
10 15 1f 0d 09 
10 15 1f 0d 20 
10 15 1f 0d 26 
10 15 1f 10 00 
10 15 1f 10 08 
10 15 1f 10 0a 
10 15 1f 10 0f 
10 15 1f 10 12 
10 15 1f 10 1a 
10 15 1f 10 1c 
10 15 1f 10 20 
10 15 1f 10 26 
10 15 1f 11 00 
10 15 1f 11 08 
10 15 1f 11 0a 
10 15 1f 11 12 
10 15 1f 11 1a 
10 15 1f 11 1c 
10 15 1f 11 20 
10 15 1f 11 26 
10 15 1f 12 00 
10 15 1f 12 0a 
10 15 1f 12 0f 
10 15 1f 12 12 
10 15 1f 12 19 
10 15 1f 12 1a 
10 15 1f 12 27 
10 15 1f 13 18 
10 15 1f 13 19 
10 15 1f 1b 00 
10 15 1f 1b 11 
10 15 1f 1b 12 
10 15 1f 1b 15 
10 15 1f 1b 1a 
10 15 1f 1b 1c 
10 15 1f 1b 26 
10 15 1f 1c 00 
10 15 1f 1c 08 
10 15 1f 1c 0a 
10 15 1f 1c 12 
10 15 1f 1c 1a 
10 15 1f 1c 1b 
10 15 1f 1c 20 
10 15 1f 1e 00 
10 15 1f 1e 08 
10 15 1f 1e 15 
10 15 1f 1e 1a 
10 15 1f 1e 20 
10 15 1f 1e 26 
10 15 1f 24 08 
10 15 1f 24 1a 
10 15 1f 25 08 
10 15 1f 25 15 
10 15 1f 25 19 
10 15 1f 25 20 
10 15 20 03 01 
10 15 20 03 16 
10 15 20 03 19 
10 15 20 03 1f 
10 15 20 03 24 
10 15 20 04 01 
10 15 20 04 1f 
10 15 20 0a 01 
10 15 20 0a 19 
10 15 20 0a 1f 
10 15 20 0a 25 
10 15 20 0c 17 
10 15 20 0c 1f 
10 15 20 0c 25 
10 15 20 0d 01 
10 15 20 0d 1f 
10 15 20 10 00 
10 15 20 10 01 
10 15 20 10 08 
10 15 20 10 16 
10 15 20 10 19 
10 15 20 10 1f 
10 15 20 11 16 
10 15 20 11 19 
10 15 20 11 1f 
10 15 20 11 25 
10 15 20 12 18 
10 15 20 12 19 
10 15 20 12 1a 
10 15 20 12 1f 
10 15 20 12 25 
10 15 20 13 16 
10 15 20 13 18 
10 15 20 13 19 
10 15 20 13 1f 
10 15 20 13 24 
10 15 20 14 01 
10 15 20 14 08 
10 15 20 14 12 
10 15 20 14 1f 
10 15 20 1c 1f 
10 15 20 1c 25 
10 15 20 1c 27 
10 15 20 1e 14 
10 15 20 1e 16 
10 15 20 1e 18 
10 15 20 1e 19 
10 15 20 1e 1a 
10 15 20 1e 1f 
10 15 20 1e 26 
10 15 20 1e 27 
10 15 20 25 01 
10 15 20 25 13 
10 15 20 25 16 
10 15 20 25 18 
10 15 20 25 19 
10 15 20 25 1f 
10 15 20 25 26 
10 15 27 03 16 
10 15 27 03 22 
10 15 27 04 22 
10 15 27 04 26 
10 15 27 0a 24 
10 15 27 0a 25 
10 15 27 0d 22 
10 15 27 0d 26 
10 15 27 10 20 
10 15 27 10 22 
10 15 27 10 26 
10 15 27 10 27 
10 15 27 11 16 
10 15 27 11 22 
10 15 27 11 27 
10 15 27 12 22 
10 15 27 14 20 
10 15 27 14 22 
10 15 27 14 26 
10 15 27 1b 20 
10 15 27 1b 22 
10 15 27 1c 22 
10 15 27 1e 21 
10 15 27 1e 22 
10 15 27 1e 24 
10 15 27 1e 25 
10 15 27 24 20 
10 15 27 24 22 
10 1b 00 03 09 
10 1b 00 0c 19 
10 1b 00 0c 1f 
10 1b 00 12 09 
10 1b 00 12 0f 
10 1b 00 12 12 
10 1b 00 12 18 
10 1b 00 12 20 
10 1b 00 12 27 
10 1b 00 13 09 
10 1b 00 13 27 
10 1b 00 15 02 
10 1b 00 15 08 
10 1b 00 15 09 
10 1b 00 15 0e 
10 1b 00 15 0f 
10 1b 00 15 12 
10 1b 00 1c 09 
10 1b 00 1c 0f 
10 1b 00 1c 12 
10 1b 00 1c 16 
10 1b 00 1c 18 
10 1b 00 1c 27 
10 1b 00 1d 03 
10 1b 00 1d 09 
10 1b 00 1d 12 
10 1b 00 1d 27 
10 1b 00 1e 09 
10 1b 00 1e 0f 
10 1b 00 1e 11 
10 1b 00 1f 03 
10 1b 00 1f 09 
10 1b 00 1f 0f 
10 1b 00 1f 12 
10 1b 00 25 02 
10 1b 00 25 09 
10 1b 00 25 0f 
10 1b 00 25 16 
10 1b 00 26 09 
10 1b 00 26 12 
10 1b 00 26 18 
10 1b 00 26 20 
10 1b 00 26 27 
10 1b 00 
10 1b 01 03 04 
10 1b 01 03 07 
10 1b 01 04 07 
10 1b 01 04 08 
10 1b 01 04 09 
10 1b 01 04 0f 
10 1b 01 04 16 
10 1b 01 04 18 
10 1b 01 04 1e 
10 1b 01 04 20 
10 1b 01 0c 09 
10 1b 01 0c 0a 
10 1b 01 0c 0f 
10 1b 01 0c 19 
10 1b 01 0c 1e 
10 1b 01 0c 27 
10 1b 01 0d 07 
10 1b 01 0d 13 
10 1b 01 0d 16 
10 1b 01 0d 19 
10 1b 01 0d 1e 
10 1b 01 0d 20 
10 1b 01 0d 27 
10 1b 01 12 08 
10 1b 01 12 0f 
10 1b 01 12 16 
10 1b 01 12 18 
10 1b 01 12 1e 
10 1b 01 12 1f 
10 1b 01 12 20 
10 1b 01 13 08 
10 1b 01 13 0f 
10 1b 01 13 15 
10 1b 01 13 16 
10 1b 01 13 1e 
10 1b 01 13 1f 
10 1b 01 13 20 
10 1b 01 15 06 
10 1b 01 15 08 
10 1b 01 15 0a 
10 1b 01 15 0f 
10 1b 01 15 15 
10 1b 01 15 19 
10 1b 01 15 1e 
10 1b 01 1d 04 
10 1b 01 1d 08 
10 1b 01 1d 19 
10 1b 01 1d 20 
10 1b 01 1d 27 
10 1b 01 1e 08 
10 1b 01 1e 0a 
10 1b 01 1e 0f 
10 1b 01 1e 1e 
10 1b 01 1f 04 
10 1b 01 1f 08 
10 1b 01 1f 0a 
10 1b 01 1f 0f 
10 1b 01 1f 18 
10 1b 01 1f 1e 
10 1b 01 25 07 
10 1b 01 25 08 
10 1b 01 25 20 
10 1b 01 26 08 
10 1b 01 26 0a 
10 1b 01 26 0f 
10 1b 01 26 16 
10 1b 01 26 18 
10 1b 01 26 1e 
10 1b 01 26 1f 
10 1b 01 26 20 
10 1b 01 
10 1b 08 04 0d 
10 1b 08 04 1f 
10 1b 08 0d 01 
10 1b 08 0d 13 
10 1b 08 0d 1e 
10 1b 08 0d 1f 
10 1b 08 0d 27 
10 1b 08 12 01 
10 1b 08 12 02 
10 1b 08 12 0d 
10 1b 08 12 1e 
10 1b 08 12 1f 
10 1b 08 13 19 
10 1b 08 13 1f 
10 1b 08 13 20 
10 1b 08 1c 02 
10 1b 08 1c 1f 
10 1b 08 1d 01 
10 1b 08 1d 1e 
10 1b 08 1d 1f 
10 1b 08 1e 01 
10 1b 08 1e 02 
10 1b 08 1e 0b 
10 1b 08 1e 0d 
10 1b 08 1e 15 
10 1b 08 1e 18 
10 1b 08 1e 19 
10 1b 08 1e 1e 
10 1b 08 1e 1f 
10 1b 08 1e 27 
10 1b 08 1f 01 
10 1b 08 1f 02 
10 1b 08 1f 0d 
10 1b 08 1f 18 
10 1b 08 1f 19 
10 1b 08 1f 1e 
10 1b 08 1f 1f 
10 1b 08 1f 27 
10 1b 08 25 00 
10 1b 08 25 01 
10 1b 08 25 1f 
10 1b 08 25 20 
10 1b 08 26 01 
10 1b 08 26 02 
10 1b 08 26 0d 
10 1b 08 26 1e 
10 1b 08 26 1f 
10 1b 08 26 27 
10 1b 09 03 1f 
10 1b 09 03 27 
10 1b 09 04 0e 
10 1b 09 04 19 
10 1b 09 04 1e 
10 1b 09 0c 00 
10 1b 09 0c 0d 
10 1b 09 0c 13 
10 1b 09 0c 15 
10 1b 09 0c 19 
10 1b 09 0c 1e 
10 1b 09 0c 27 
10 1b 09 0d 02 
10 1b 09 0d 0e 
10 1b 09 0d 0f 
10 1b 09 0d 12 
10 1b 09 0d 16 
10 1b 09 0d 17 
10 1b 09 0d 18 
10 1b 09 0d 19 
10 1b 09 0d 1e 
10 1b 09 12 00 
10 1b 09 12 02 
10 1b 09 12 0c 
10 1b 09 12 0e 
10 1b 09 12 16 
10 1b 09 12 18 
10 1b 09 12 19 
10 1b 09 12 1e 
10 1b 09 12 20 
10 1b 09 13 00 
10 1b 09 13 02 
10 1b 09 13 1f 
10 1b 09 13 27 
10 1b 09 15 02 
10 1b 09 15 0c 
10 1b 09 15 16 
10 1b 09 15 18 
10 1b 09 15 1e 
10 1b 09 15 20 
10 1b 09 1c 00 
10 1b 09 1c 02 
10 1b 09 1c 11 
10 1b 09 1c 18 
10 1b 09 1c 20 
10 1b 09 1d 02 
10 1b 09 1d 0c 
10 1b 09 1d 18 
10 1b 09 1d 19 
10 1b 09 1d 1e 
10 1b 09 1d 20 
10 1b 09 1e 00 
10 1b 09 1e 02 
10 1b 09 1e 0c 
10 1b 09 1e 0e 
10 1b 09 1e 0f 
10 1b 09 1e 11 
10 1b 09 1e 16 
10 1b 09 1e 1e 
10 1b 09 1e 20 
10 1b 09 1f 00 
10 1b 09 1f 02 
10 1b 09 1f 0c 
10 1b 09 1f 0e 
10 1b 09 1f 16 
10 1b 09 1f 18 
10 1b 09 1f 1e 
10 1b 09 1f 20 
10 1b 09 25 1f 
10 1b 09 25 27 
10 1b 09 26 00 
10 1b 09 26 02 
10 1b 09 26 0c 
10 1b 09 26 0e 
10 1b 09 26 16 
10 1b 09 26 18 
10 1b 09 26 19 
10 1b 09 26 1e 
10 1b 09 26 20 
10 1b 09 
10 1b 0a 03 08 
10 1b 0a 0c 08 
10 1b 0a 0c 1f 
10 1b 0a 0d 1f 
10 1b 0a 0d 27 
10 1b 0a 12 1f 
10 1b 0a 12 27 
10 1b 0a 15 01 
10 1b 0a 15 1f 
10 1b 0a 15 20 
10 1b 0a 1c 1f 
10 1b 0a 1c 27 
10 1b 0a 1d 1f 
10 1b 0a 1e 01 
10 1b 0a 1e 09 
10 1b 0a 1e 15 
10 1b 0a 1e 1f 
10 1b 0a 1e 27 
10 1b 0a 1f 01 
10 1b 0a 1f 1f 
10 1b 0a 1f 27 
10 1b 0a 25 08 
10 1b 0a 26 01 
10 1b 0a 26 1f 
10 1b 0a 26 27 
10 1b 0f 04 01 
10 1b 0f 04 1f 
10 1b 0f 04 20 
10 1b 0f 04 27 
10 1b 0f 0c 01 
10 1b 0f 0c 20 
10 1b 0f 0c 27 
10 1b 0f 0d 09 
10 1b 0f 0d 1f 
10 1b 0f 0d 20 
10 1b 0f 0d 27 
10 1b 0f 12 01 
10 1b 0f 12 02 
10 1b 0f 12 0a 
10 1b 0f 12 1f 
10 1b 0f 12 20 
10 1b 0f 12 27 
10 1b 0f 13 1f 
10 1b 0f 13 27 
10 1b 0f 15 01 
10 1b 0f 15 02 
10 1b 0f 15 0a 
10 1b 0f 15 1e 
10 1b 0f 15 20 
10 1b 0f 1c 01 
10 1b 0f 1c 12 
10 1b 0f 1c 1e 
10 1b 0f 1c 1f 
10 1b 0f 1c 27 
10 1b 0f 1e 01 
10 1b 0f 1e 02 
10 1b 0f 1e 0a 
10 1b 0f 1e 19 
10 1b 0f 1e 1e 
10 1b 0f 1f 01 
10 1b 0f 1f 0a 
10 1b 0f 1f 12 
10 1b 0f 1f 18 
10 1b 0f 1f 19 
10 1b 0f 1f 1e 
10 1b 0f 25 1f 
10 1b 0f 25 27 
10 1b 0f 26 01 
10 1b 0f 26 0a 
10 1b 0f 26 1f 
10 1b 0f 26 20 
10 1b 0f 26 27 
10 1b 11 04 
10 1b 11 0b 09 
10 1b 11 0d 1f 
10 1b 11 15 15 
10 1b 11 15 1f 
10 1b 11 1e 01 
10 1b 11 1e 27 
10 1b 12 04 
10 1b 12 0b 00 
10 1b 12 0b 1f 
10 1b 12 0d 09 
10 1b 12 0d 1f 
10 1b 12 0d 27 
10 1b 12 12 00 
10 1b 12 12 20 
10 1b 12 14 00 
10 1b 12 15 00 
10 1b 12 15 1f 
10 1b 12 15 20 
10 1b 12 1c 00 
10 1b 12 1d 20 
10 1b 12 26 00 
10 1b 13 03 
10 1b 13 04 
10 1b 13 0d 01 
10 1b 13 0d 08 
10 1b 13 15 16 
10 1b 13 1c 08 
10 1b 13 1c 0f 
10 1b 13 1e 01 
10 1b 13 1e 08 
10 1b 14 04 
10 1b 14 0c 
10 1b 15 04 20 
10 1b 15 0b 08 
10 1b 15 0b 09 
10 1b 15 0d 18 
10 1b 15 0d 27 
10 1b 15 14 01 
10 1b 15 15 01 
10 1b 15 15 18 
10 1b 15 15 20 
10 1b 15 1e 10 
10 1b 15 1e 27 
10 1b 15 26 20 
10 1b 16 0b 00 
10 1b 16 0b 01 
10 1b 16 0b 19 
10 1b 16 0b 1f 
10 1b 16 0b 20 
10 1b 16 0b 27 
10 1b 16 12 01 
10 1b 16 12 09 
10 1b 16 12 19 
10 1b 16 13 19 
10 1b 16 14 01 
10 1b 16 14 09 
10 1b 16 14 19 
10 1b 16 14 1f 
10 1b 16 15 08 
10 1b 16 15 09 
10 1b 16 15 19 
10 1b 16 1d 19 
10 1b 16 1d 20 
10 1b 16 1e 19 
10 1b 16 1e 20 
10 1b 16 1e 27 
10 1b 16 1f 09 
10 1b 16 1f 19 
10 1b 16 1f 20 
10 1b 16 25 00 
10 1b 16 26 01 
10 1b 16 26 09 
10 1b 16 26 19 
10 1b 18 0c 20 
10 1b 18 0d 09 
10 1b 18 0d 15 
10 1b 18 15 00 
10 1b 18 15 09 
10 1b 18 15 0a 
10 1b 18 15 15 
10 1b 18 1c 00 
10 1b 18 1d 09 
10 1b 18 1d 20 
10 1b 18 1e 01 
10 1b 18 1e 09 
10 1b 18 1e 1b 
10 1b 18 1e 27 
10 1b 18 25 00 
10 1b 19 04 09 
10 1b 19 0c 00 
10 1b 19 0c 18 
10 1b 19 0d 00 
10 1b 19 0d 01 
10 1b 19 0d 09 
10 1b 19 0d 1f 
10 1b 19 12 09 
10 1b 19 12 0a 
10 1b 19 12 16 
10 1b 19 12 1f 
10 1b 19 12 27 
10 1b 19 13 08 
10 1b 19 13 16 
10 1b 19 15 01 
10 1b 19 15 08 
10 1b 19 15 0a 
10 1b 19 15 16 
10 1b 19 15 1e 
10 1b 19 1c 01 
10 1b 19 1c 08 
10 1b 19 1c 09 
10 1b 19 1c 0a 
10 1b 19 1c 16 
10 1b 19 1c 1e 
10 1b 19 1c 27 
10 1b 19 1d 01 
10 1b 19 1d 09 
10 1b 19 1d 0a 
10 1b 19 1d 16 
10 1b 19 1d 27 
10 1b 19 1e 08 
10 1b 19 1e 0a 
10 1b 19 1e 0f 
10 1b 19 1e 18 
10 1b 19 1e 1e 
10 1b 19 1e 27 
10 1b 19 1f 08 
10 1b 19 1f 0a 
10 1b 19 1f 0f 
10 1b 19 1f 16 
10 1b 19 1f 1e 
10 1b 19 1f 27 
10 1b 19 25 00 
10 1b 19 26 09 
10 1b 19 26 0a 
10 1b 19 26 16 
10 1b 19 26 27 
10 1b 1e 03 18 
10 1b 1e 0c 18 
10 1b 1e 0d 01 
10 1b 1e 0d 09 
10 1b 1e 12 01 
10 1b 1e 12 20 
10 1b 1e 13 08 
10 1b 1e 15 00 
10 1b 1e 15 01 
10 1b 1e 15 09 
10 1b 1e 15 26 
10 1b 1e 1c 09 
10 1b 1e 1d 09 
10 1b 1e 1e 01 
10 1b 1e 1e 09 
10 1b 1e 1e 27 
10 1b 1e 1f 01 
10 1b 1e 1f 09 
10 1b 1e 1f 27 
10 1b 1e 25 18 
10 1b 1e 26 01 
10 1b 1e 26 20 
10 1b 1f 03 08 
10 1b 1f 03 09 
10 1b 1f 04 00 
10 1b 1f 04 15 
10 1b 1f 04 1a 
10 1b 1f 04 1c 
10 1b 1f 04 26 
10 1b 1f 0c 09 
10 1b 1f 0c 0f 
10 1b 1f 0d 08 
10 1b 1f 0d 0a 
10 1b 1f 0d 0f 
10 1b 1f 0d 11 
10 1b 1f 0d 12 
10 1b 1f 0d 16 
10 1b 1f 0d 19 
10 1b 1f 0d 1a 
10 1b 1f 0d 26 
10 1b 1f 12 01 
10 1b 1f 12 08 
10 1b 1f 12 0a 
10 1b 1f 12 0f 
10 1b 1f 12 18 
10 1b 1f 12 19 
10 1b 1f 12 1a 
10 1b 1f 12 26 
10 1b 1f 12 27 
10 1b 1f 13 00 
10 1b 1f 13 08 
10 1b 1f 13 09 
10 1b 1f 13 0f 
10 1b 1f 13 19 
10 1b 1f 15 00 
10 1b 1f 15 11 
10 1b 1f 15 12 
10 1b 1f 15 15 
10 1b 1f 15 1a 
10 1b 1f 15 1c 
10 1b 1f 15 26 
10 1b 1f 1c 08 
10 1b 1f 1c 0a 
10 1b 1f 1c 0f 
10 1b 1f 1c 12 
10 1b 1f 1c 1a 
10 1b 1f 1c 1c 
10 1b 1f 1c 26 
10 1b 1f 1d 08 
10 1b 1f 1d 1a 
10 1b 1f 1d 20 
10 1b 1f 1d 26 
10 1b 1f 1d 27 
10 1b 1f 1e 00 
10 1b 1f 1e 08 
10 1b 1f 1e 0a 
10 1b 1f 1e 1a 
10 1b 1f 1e 1c 
10 1b 1f 1e 20 
10 1b 1f 1e 26 
10 1b 1f 1e 27 
10 1b 1f 1f 00 
10 1b 1f 1f 08 
10 1b 1f 1f 0a 
10 1b 1f 1f 12 
10 1b 1f 1f 1a 
10 1b 1f 1f 1c 
10 1b 1f 1f 20 
10 1b 1f 1f 26 
10 1b 1f 25 00 
10 1b 1f 25 08 
10 1b 1f 25 09 
10 1b 1f 25 0f 
10 1b 1f 26 01 
10 1b 1f 26 08 
10 1b 1f 26 0a 
10 1b 1f 26 0f 
10 1b 1f 26 1a 
10 1b 1f 26 26 
10 1b 1f 26 27 
10 1b 1f 
10 1b 20 03 15 
10 1b 20 0c 0f 
10 1b 20 0c 18 
10 1b 20 0c 19 
10 1b 20 0c 1a 
10 1b 20 0d 00 
10 1b 20 0d 0f 
10 1b 20 12 00 
10 1b 20 12 0f 
10 1b 20 12 12 
10 1b 20 12 1e 
10 1b 20 13 00 
10 1b 20 13 08 
10 1b 20 13 0a 
10 1b 20 13 0f 
10 1b 20 13 10 
10 1b 20 13 15 
10 1b 20 13 16 
10 1b 20 13 1e 
10 1b 20 15 08 
10 1b 20 15 09 
10 1b 20 15 0a 
10 1b 20 15 0f 
10 1b 20 15 12 
10 1b 20 15 15 
10 1b 20 1d 09 
10 1b 20 1d 0a 
10 1b 20 1e 08 
10 1b 20 1e 13 
10 1b 20 1e 16 
10 1b 20 1e 18 
10 1b 20 1e 19 
10 1b 20 1e 1a 
10 1b 20 1e 1e 
10 1b 20 1e 26 
10 1b 20 1f 13 
10 1b 20 1f 19 
10 1b 20 1f 1a 
10 1b 20 1f 1e 
10 1b 20 1f 26 
10 1b 20 25 08 
10 1b 20 26 00 
10 1b 20 26 0f 
10 1b 20 26 15 
10 1b 20 26 1e 
10 1b 20 26 26 
10 1b 27 03 09 
10 1b 27 04 00 
10 1b 27 04 01 
10 1b 27 04 09 
10 1b 27 04 0a 
10 1b 27 04 0f 
10 1b 27 04 19 
10 1b 27 0c 09 
10 1b 27 0c 0f 
10 1b 27 0c 22 
10 1b 27 0d 00 
10 1b 27 0d 01 
10 1b 27 0d 0a 
10 1b 27 0d 0f 
10 1b 27 0d 12 
10 1b 27 0d 15 
10 1b 27 0d 21 
10 1b 27 12 0a 
10 1b 27 12 0f 
10 1b 27 12 18 
10 1b 27 12 19 
10 1b 27 12 1f 
10 1b 27 12 20 
10 1b 27 13 09 
10 1b 27 13 0f 
10 1b 27 15 0a 
10 1b 27 15 0f 
10 1b 27 1c 08 
10 1b 27 1c 0a 
10 1b 27 1c 0f 
10 1b 27 1c 13 
10 1b 27 1c 15 
10 1b 27 1c 19 
10 1b 27 1c 1f 
10 1b 27 1c 21 
10 1b 27 1c 24 
10 1b 27 1d 01 
10 1b 27 1d 19 
10 1b 27 1d 1f 
10 1b 27 1d 20 
10 1b 27 1d 21 
10 1b 27 1d 22 
10 1b 27 1e 08 
10 1b 27 1e 0a 
10 1b 27 1e 15 
10 1b 27 1e 16 
10 1b 27 1e 19 
10 1b 27 1e 1e 
10 1b 27 1e 1f 
10 1b 27 1e 22 
10 1b 27 1e 24 
10 1b 27 1f 08 
10 1b 27 1f 0a 
10 1b 27 1f 18 
10 1b 27 1f 19 
10 1b 27 1f 1e 
10 1b 27 1f 24 
10 1b 27 25 00 
10 1b 27 25 09 
10 1b 27 25 0f 
10 1b 27 25 21 
10 1b 27 26 08 
10 1b 27 26 0a 
10 1b 27 26 0f 
10 1b 27 26 18 
10 1b 27 26 19 
10 1b 27 26 1f 
10 1b 27 26 20 
10 1c 00 03 09 
10 1c 00 03 0f 
10 1c 00 03 11 
10 1c 00 03 1e 
10 1c 00 0c 03 
10 1c 00 0c 09 
10 1c 00 0c 0f 
10 1c 00 0c 12 
10 1c 00 0c 16 
10 1c 00 12 09 
10 1c 00 12 12 
10 1c 00 12 15 
10 1c 00 13 03 
10 1c 00 13 09 
10 1c 00 13 11 
10 1c 00 15 09 
10 1c 00 15 0f 
10 1c 00 15 11 
10 1c 00 15 20 
10 1c 00 18 03 
10 1c 00 18 09 
10 1c 00 18 0f 
10 1c 00 18 12 
10 1c 00 19 03 
10 1c 00 19 09 
10 1c 00 19 0f 
10 1c 00 19 11 
10 1c 00 19 12 
10 1c 00 1a 09 
10 1c 00 1a 0f 
10 1c 00 1a 12 
10 1c 00 1a 16 
10 1c 00 1a 18 
10 1c 00 1a 27 
10 1c 00 1d 03 
10 1c 00 1d 08 
10 1c 00 1d 09 
10 1c 00 1d 0f 
10 1c 00 1d 11 
10 1c 00 1d 12 
10 1c 00 1e 03 
10 1c 00 1e 09 
10 1c 00 1e 12 
10 1c 00 1e 27 
10 1c 00 1f 02 
10 1c 00 1f 03 
10 1c 00 1f 08 
10 1c 00 1f 09 
10 1c 00 1f 0a 
10 1c 00 1f 0e 
10 1c 00 1f 0f 
10 1c 00 1f 11 
10 1c 00 1f 12 
10 1c 00 24 09 
10 1c 00 24 16 
10 1c 00 25 08 
10 1c 00 25 09 
10 1c 00 25 0a 
10 1c 00 25 0e 
10 1c 00 25 0f 
10 1c 00 25 11 
10 1c 00 25 20 
10 1c 00 26 09 
10 1c 00 26 20 
10 1c 00 
10 1c 01 03 04 
10 1c 01 03 09 
10 1c 01 03 0f 
10 1c 01 03 15 
10 1c 01 03 19 
10 1c 01 03 20 
10 1c 01 04 1e 
10 1c 01 04 1f 
10 1c 01 04 20 
10 1c 01 0c 04 
10 1c 01 0c 06 
10 1c 01 0c 0a 
10 1c 01 0c 0e 
10 1c 01 0d 06 
10 1c 01 0d 19 
10 1c 01 0d 1f 
10 1c 01 12 06 
10 1c 01 12 16 
10 1c 01 12 19 
10 1c 01 13 16 
10 1c 01 15 00 
10 1c 01 15 0f 
10 1c 01 15 20 
10 1c 01 18 04 
10 1c 01 18 08 
10 1c 01 18 0a 
10 1c 01 18 0f 
10 1c 01 18 18 
10 1c 01 18 1e 
10 1c 01 19 06 
10 1c 01 19 09 
10 1c 01 19 0f 
10 1c 01 19 13 
10 1c 01 19 19 
10 1c 01 19 1e 
10 1c 01 19 20 
10 1c 01 1a 00 
10 1c 01 1a 06 
10 1c 01 1a 07 
10 1c 01 1a 09 
10 1c 01 1a 0f 
10 1c 01 1a 27 
10 1c 01 1d 04 
10 1c 01 1d 06 
10 1c 01 1d 09 
10 1c 01 1d 0f 
10 1c 01 1d 13 
10 1c 01 1d 15 
10 1c 01 1e 04 
10 1c 01 1e 08 
10 1c 01 1e 19 
10 1c 01 1e 20 
10 1c 01 1e 27 
10 1c 01 1f 04 
10 1c 01 1f 07 
10 1c 01 1f 08 
10 1c 01 1f 0a 
10 1c 01 1f 11 
10 1c 01 1f 19 
10 1c 01 1f 1e 
10 1c 01 24 06 
10 1c 01 24 1e 
10 1c 01 24 1f 
10 1c 01 24 20 
10 1c 01 25 0e 
10 1c 01 25 0f 
10 1c 01 25 1e 
10 1c 01 25 1f 
10 1c 01 25 20 
10 1c 01 26 16 
10 1c 01 26 19 
10 1c 08 04 15 
10 1c 08 04 1f 
10 1c 08 0d 0d 
10 1c 08 12 0d 
10 1c 08 13 19 
10 1c 08 13 1f 
10 1c 08 13 20 
10 1c 08 18 01 
10 1c 08 18 02 
10 1c 08 18 0d 
10 1c 08 18 18 
10 1c 08 18 19 
10 1c 08 18 1e 
10 1c 08 18 1f 
10 1c 08 18 27 
10 1c 08 19 02 
10 1c 08 19 0d 
10 1c 08 19 19 
10 1c 08 19 1e 
10 1c 08 19 1f 
10 1c 08 19 27 
10 1c 08 1a 02 
10 1c 08 1a 1f 
10 1c 08 1d 00 
10 1c 08 1d 13 
10 1c 08 1d 1f 
10 1c 08 1d 27 
10 1c 08 1e 01 
10 1c 08 1e 1e 
10 1c 08 1e 1f 
10 1c 08 1f 01 
10 1c 08 1f 02 
10 1c 08 1f 0b 
10 1c 08 1f 0e 
10 1c 08 1f 11 
10 1c 08 1f 12 
10 1c 08 1f 19 
10 1c 08 1f 1e 
10 1c 08 1f 1f 
10 1c 08 24 0d 
10 1c 08 25 00 
10 1c 08 25 0e 
10 1c 08 26 0d 
10 1c 09 03 00 
10 1c 09 03 01 
10 1c 09 03 0f 
10 1c 09 03 19 
10 1c 09 03 1e 
10 1c 09 03 20 
10 1c 09 04 19 
10 1c 09 0c 00 
10 1c 09 0c 0c 
10 1c 09 0c 0d 
10 1c 09 0c 16 
10 1c 09 0c 19 
10 1c 09 0c 1e 
10 1c 09 0d 19 
10 1c 09 0d 1f 
10 1c 09 12 00 
10 1c 09 12 19 
10 1c 09 13 00 
10 1c 09 13 02 
10 1c 09 13 20 
10 1c 09 15 0f 
10 1c 09 15 19 
10 1c 09 15 1e 
10 1c 09 18 00 
10 1c 09 18 02 
10 1c 09 18 0c 
10 1c 09 18 0e 
10 1c 09 18 16 
10 1c 09 18 18 
10 1c 09 18 1e 
10 1c 09 18 20 
10 1c 09 19 00 
10 1c 09 19 01 
10 1c 09 19 0f 
10 1c 09 19 12 
10 1c 09 19 18 
10 1c 09 19 19 
10 1c 09 19 1e 
10 1c 09 19 20 
10 1c 09 1a 00 
10 1c 09 1a 01 
10 1c 09 1a 02 
10 1c 09 1a 0e 
10 1c 09 1a 1e 
10 1c 09 1d 00 
10 1c 09 1d 01 
10 1c 09 1d 0c 
10 1c 09 1d 0f 
10 1c 09 1d 11 
10 1c 09 1d 15 
10 1c 09 1d 18 
10 1c 09 1d 20 
10 1c 09 1e 02 
10 1c 09 1e 0c 
10 1c 09 1e 18 
10 1c 09 1e 19 
10 1c 09 1e 1e 
10 1c 09 1e 20 
10 1c 09 1f 02 
10 1c 09 1f 0c 
10 1c 09 1f 11 
10 1c 09 1f 16 
10 1c 09 1f 18 
10 1c 09 1f 1e 
10 1c 09 1f 20 
10 1c 09 24 00 
10 1c 09 24 0c 
10 1c 09 24 0e 
10 1c 09 24 15 
10 1c 09 24 19 
10 1c 09 25 19 
10 1c 09 25 1e 
10 1c 09 26 00 
10 1c 09 26 19 
10 1c 0a 03 20 
10 1c 0a 0c 1f 
10 1c 0a 0d 08 
10 1c 0a 12 08 
10 1c 0a 13 1f 
10 1c 0a 13 20 
10 1c 0a 15 08 
10 1c 0a 18 01 
10 1c 0a 18 1f 
10 1c 0a 18 27 
10 1c 0a 19 08 
10 1c 0a 19 1f 
10 1c 0a 19 20 
10 1c 0a 19 27 
10 1c 0a 1a 1f 
10 1c 0a 1a 27 
10 1c 0a 1e 1f 
10 1c 0a 1f 01 
10 1c 0a 1f 09 
10 1c 0a 1f 12 
10 1c 0a 1f 15 
10 1c 0a 1f 1f 
10 1c 0a 24 08 
10 1c 0a 25 08 
10 1c 0a 26 08 
10 1c 0f 03 01 
10 1c 0f 03 1f 
10 1c 0f 04 0a 
10 1c 0f 04 1e 
10 1c 0f 04 1f 
10 1c 0f 0c 01 
10 1c 0f 0c 0a 
10 1c 0f 0d 08 
10 1c 0f 0d 20 
10 1c 0f 13 0a 
10 1c 0f 13 1f 
10 1c 0f 15 01 
10 1c 0f 15 02 
10 1c 0f 15 0a 
10 1c 0f 18 01 
10 1c 0f 18 0a 
10 1c 0f 18 12 
10 1c 0f 18 18 
10 1c 0f 18 19 
10 1c 0f 18 1e 
10 1c 0f 19 01 
10 1c 0f 19 0a 
10 1c 0f 19 12 
10 1c 0f 19 1e 
10 1c 0f 19 1f 
10 1c 0f 19 27 
10 1c 0f 1a 01 
10 1c 0f 1a 12 
10 1c 0f 1a 1e 
10 1c 0f 1a 1f 
10 1c 0f 1a 27 
10 1c 0f 1d 01 
10 1c 0f 1d 0a 
10 1c 0f 1d 13 
10 1c 0f 1d 19 
10 1c 0f 1e 1f 
10 1c 0f 1e 27 
10 1c 0f 1f 02 
10 1c 0f 1f 0a 
10 1c 0f 1f 12 
10 1c 0f 1f 19 
10 1c 0f 24 01 
10 1c 0f 24 0a 
10 1c 0f 24 1e 
10 1c 0f 24 1f 
10 1c 0f 25 01 
10 1c 0f 25 1e 
10 1c 0f 25 1f 
10 1c 11 0b 09 
10 1c 11 13 00 
10 1c 11 14 00 
10 1c 11 15 00 
10 1c 11 18 00 
10 1c 11 18 09 
10 1c 11 19 00 
10 1c 11 1d 00 
10 1c 11 1d 09 
10 1c 11 1d 20 
10 1c 11 1f 01 
10 1c 11 1f 08 
10 1c 11 1f 09 
10 1c 11 1f 15 
10 1c 12 03 1f 
10 1c 12 0b 00 
10 1c 12 0c 00 
10 1c 12 12 00 
10 1c 12 13 20 
10 1c 12 14 00 
10 1c 12 14 1f 
10 1c 12 18 00 
10 1c 12 18 0f 
10 1c 12 18 1f 
10 1c 12 19 00 
10 1c 12 19 09 
10 1c 12 19 0f 
10 1c 12 1a 00 
10 1c 12 1a 0f 
10 1c 12 1a 1f 
10 1c 12 1d 00 
10 1c 12 1d 1f 
10 1c 12 1f 08 
10 1c 12 1f 0a 
10 1c 12 1f 0f 
10 1c 12 1f 18 
10 1c 13 19 01 
10 1c 13 19 27 
10 1c 13 1d 01 
10 1c 13 1d 08 
10 1c 13 1d 0f 
10 1c 13 1d 1f 
10 1c 13 1d 27 
10 1c 13 1f 16 
10 1c 14 0d 
10 1c 14 1f 20 
10 1c 15 03 01 
10 1c 15 14 01 
10 1c 15 19 20 
10 1c 15 19 27 
10 1c 15 1d 01 
10 1c 15 1d 09 
10 1c 15 1d 27 
10 1c 15 1f 0a 
10 1c 15 1f 1f 
10 1c 16 03 1f 
10 1c 16 0c 20 
10 1c 16 12 01 
10 1c 16 12 19 
10 1c 16 12 20 
10 1c 16 14 19 
10 1c 16 14 1f 
10 1c 16 14 20 
10 1c 16 18 09 
10 1c 16 18 19 
10 1c 16 18 20 
10 1c 16 19 00 
10 1c 16 19 19 
10 1c 16 19 27 
10 1c 16 1d 19 
10 1c 16 1d 20 
10 1c 16 1e 19 
10 1c 16 1e 20 
10 1c 16 1f 08 
10 1c 16 1f 09 
10 1c 16 1f 19 
10 1c 16 1f 20 
10 1c 16 26 01 
10 1c 19 03 01 
10 1c 19 03 09 
10 1c 19 03 1f 
10 1c 19 04 09 
10 1c 19 0c 09 
10 1c 19 0d 00 
10 1c 19 0d 01 
10 1c 19 0d 09 
10 1c 19 0d 1f 
10 1c 19 12 01 
10 1c 19 12 09 
10 1c 19 12 16 
10 1c 19 12 1f 
10 1c 19 13 08 
10 1c 19 13 26 
10 1c 19 15 08 
10 1c 19 15 09 
10 1c 19 18 08 
10 1c 19 18 0a 
10 1c 19 18 0f 
10 1c 19 18 16 
10 1c 19 18 1e 
10 1c 19 18 27 
10 1c 19 19 01 
10 1c 19 19 08 
10 1c 19 19 09 
10 1c 19 19 0a 
10 1c 19 19 16 
10 1c 19 19 1e 
10 1c 19 19 27 
10 1c 19 1c 01 
10 1c 19 1c 0a 
10 1c 19 1c 0f 
10 1c 19 1c 16 
10 1c 19 1c 18 
10 1c 19 1c 27 
10 1c 19 1d 0f 
10 1c 19 1d 16 
10 1c 19 1d 27 
10 1c 19 1e 01 
10 1c 19 1e 09 
10 1c 19 1e 0a 
10 1c 19 1e 16 
10 1c 19 1e 27 
10 1c 19 1f 01 
10 1c 19 1f 08 
10 1c 19 1f 0a 
10 1c 19 1f 0f 
10 1c 19 1f 16 
10 1c 19 1f 18 
10 1c 19 24 0a 
10 1c 19 24 16 
10 1c 19 24 1f 
10 1c 19 25 00 
10 1c 19 25 09 
10 1c 19 26 01 
10 1c 19 26 09 
10 1c 1e 04 18 
10 1c 1e 0c 09 
10 1c 1e 0d 18 
10 1c 1e 12 18 
10 1c 1e 13 09 
10 1c 1e 13 18 
10 1c 1e 15 0f 
10 1c 1e 18 01 
10 1c 1e 18 09 
10 1c 1e 18 27 
10 1c 1e 19 01 
10 1c 1e 19 08 
10 1c 1e 19 09 
10 1c 1e 19 18 
10 1c 1e 19 27 
10 1c 1e 1a 09 
10 1c 1e 1c 01 
10 1c 1e 1c 09 
10 1c 1e 1c 18 
10 1c 1e 1c 20 
10 1c 1e 1e 09 
10 1c 1e 1f 00 
10 1c 1e 1f 01 
10 1c 1e 1f 09 
10 1c 1e 1f 26 
10 1c 1e 25 00 
10 1c 1e 25 01 
10 1c 1e 25 09 
10 1c 1e 25 18 
10 1c 1e 26 18 
10 1c 1f 03 0f 
10 1c 1f 03 12 
10 1c 1f 03 16 
10 1c 1f 03 1a 
10 1c 1f 04 1a 
10 1c 1f 04 20 
10 1c 1f 0c 0f 
10 1c 1f 0c 20 
10 1c 1f 0c 26 
10 1c 1f 0d 01 
10 1c 1f 0d 09 
10 1c 1f 0d 19 
10 1c 1f 12 18 
10 1c 1f 12 19 
10 1c 1f 13 08 
10 1c 1f 13 0f 
10 1c 1f 13 26 
10 1c 1f 15 1a 
10 1c 1f 15 20 
10 1c 1f 18 00 
10 1c 1f 18 08 
10 1c 1f 18 0a 
10 1c 1f 18 12 
10 1c 1f 18 1a 
10 1c 1f 18 1c 
10 1c 1f 18 20 
10 1c 1f 18 26 
10 1c 1f 19 00 
10 1c 1f 19 08 
10 1c 1f 19 0f 
10 1c 1f 19 1a 
10 1c 1f 19 1c 
10 1c 1f 19 26 
10 1c 1f 19 27 
10 1c 1f 1a 08 
10 1c 1f 1a 0a 
10 1c 1f 1a 0f 
10 1c 1f 1a 12 
10 1c 1f 1a 1a 
10 1c 1f 1a 1c 
10 1c 1f 1a 26 
10 1c 1f 1c 00 
10 1c 1f 1c 01 
10 1c 1f 1c 08 
10 1c 1f 1c 0a 
10 1c 1f 1c 16 
10 1c 1f 1c 1a 
10 1c 1f 1c 1b 
10 1c 1f 1c 20 
10 1c 1f 1d 00 
10 1c 1f 1d 08 
10 1c 1f 1d 12 
10 1c 1f 1d 13 
10 1c 1f 1d 1a 
10 1c 1f 1d 20 
10 1c 1f 1e 08 
10 1c 1f 1e 1a 
10 1c 1f 1e 20 
10 1c 1f 1e 26 
10 1c 1f 1e 27 
10 1c 1f 1f 00 
10 1c 1f 1f 08 
10 1c 1f 1f 15 
10 1c 1f 1f 1a 
10 1c 1f 1f 20 
10 1c 1f 1f 26 
10 1c 1f 24 0a 
10 1c 1f 24 0f 
10 1c 1f 24 1c 
10 1c 1f 24 26 
10 1c 1f 25 00 
10 1c 1f 25 01 
10 1c 1f 25 0f 
10 1c 1f 25 1a 
10 1c 20 03 01 
10 1c 20 03 16 
10 1c 20 03 19 
10 1c 20 03 1f 
10 1c 20 03 24 
10 1c 20 0c 12 
10 1c 20 0c 16 
10 1c 20 0c 19 
10 1c 20 0c 1f 
10 1c 20 0c 25 
10 1c 20 0d 09 
10 1c 20 0d 0f 
10 1c 20 12 16 
10 1c 20 13 12 
10 1c 20 13 13 
10 1c 20 13 16 
10 1c 20 13 19 
10 1c 20 13 1a 
10 1c 20 13 1f 
10 1c 20 13 26 
10 1c 20 15 1f 
10 1c 20 15 25 
10 1c 20 15 27 
10 1c 20 18 16 
10 1c 20 18 19 
10 1c 20 18 1f 
10 1c 20 18 25 
10 1c 20 19 12 
10 1c 20 19 16 
10 1c 20 19 19 
10 1c 20 19 1f 
10 1c 20 19 24 
10 1c 20 19 26 
10 1c 20 19 27 
10 1c 20 1a 01 
10 1c 20 1a 08 
10 1c 20 1a 16 
10 1c 20 1a 1f 
10 1c 20 1a 25 
10 1c 20 1b 16 
10 1c 20 1b 18 
10 1c 20 1b 19 
10 1c 20 1b 1e 
10 1c 20 1b 1f 
10 1c 20 1b 24 
10 1c 20 1b 25 
10 1c 20 1b 26 
10 1c 20 1b 27 
10 1c 20 1d 11 
10 1c 20 1d 16 
10 1c 20 1d 19 
10 1c 20 1d 1f 
10 1c 20 1d 26 
10 1c 20 1e 01 
10 1c 20 1e 12 
10 1c 20 1e 16 
10 1c 20 1e 18 
10 1c 20 1e 19 
10 1c 20 1e 1f 
10 1c 20 1e 27 
10 1c 20 1f 14 
10 1c 20 1f 16 
10 1c 20 1f 18 
10 1c 20 1f 19 
10 1c 20 1f 1a 
10 1c 20 1f 1f 
10 1c 20 1f 26 
10 1c 20 1f 27 
10 1c 20 25 01 
10 1c 20 25 1f 
10 24 00 03 09 
10 24 00 03 18 
10 24 00 03 1e 
10 24 00 03 27 
10 24 00 13 09 
10 24 00 15 16 
10 24 00 1a 09 
10 24 00 1a 0f 
10 24 00 1a 12 
10 24 00 1a 16 
10 24 00 1a 18 
10 24 00 1a 27 
10 24 00 1b 09 
10 24 00 1b 16 
10 24 00 1b 1e 
10 24 00 1b 27 
10 24 00 1c 09 
10 24 00 1c 16 
10 24 00 20 03 
10 24 00 20 09 
10 24 00 20 0f 
10 24 00 20 12 
10 24 00 26 09 
10 24 00 26 12 
10 24 00 26 20 
10 24 00 26 27 
10 24 00 27 09 
10 24 00 27 16 
10 24 00 27 18 
10 24 00 27 20 
10 24 00 
10 24 01 03 04 
10 24 01 03 09 
10 24 01 03 0f 
10 24 01 03 27 
10 24 01 04 09 
10 24 01 04 0f 
10 24 01 04 1f 
10 24 01 0c 09 
10 24 01 0c 0f 
10 24 01 0c 1e 
10 24 01 0c 1f 
10 24 01 13 06 
10 24 01 13 09 
10 24 01 13 18 
10 24 01 13 27 
10 24 01 1a 00 
10 24 01 1a 06 
10 24 01 1a 07 
10 24 01 1a 09 
10 24 01 1a 0f 
10 24 01 1a 27 
10 24 01 1b 09 
10 24 01 1b 1f 
10 24 01 1c 06 
10 24 01 1c 0f 
10 24 01 20 16 
10 24 01 20 19 
10 24 01 26 19 
10 24 01 26 1e 
10 24 01 26 20 
10 24 01 26 27 
10 24 01 27 08 
10 24 01 27 0f 
10 24 01 27 18 
10 24 01 27 19 
10 24 01 27 1e 
10 24 08 0d 
10 24 08 1a 02 
10 24 08 1a 1f 
10 24 08 1b 02 
10 24 08 1b 1f 
10 24 08 1c 0d 
10 24 08 20 01 
10 24 08 20 02 
10 24 08 20 0d 
10 24 08 20 18 
10 24 08 20 19 
10 24 08 20 1e 
10 24 08 20 1f 
10 24 08 20 27 
10 24 08 26 1e 
10 24 08 26 1f 
10 24 08 27 01 
10 24 08 27 02 
10 24 08 27 0d 
10 24 08 27 18 
10 24 08 27 1e 
10 24 08 27 1f 
10 24 08 27 27 
10 24 09 03 00 
10 24 09 03 01 
10 24 09 03 0e 
10 24 09 03 18 
10 24 09 03 1e 
10 24 09 0c 00 
10 24 09 0d 0e 
10 24 09 0d 18 
10 24 09 0d 1e 
10 24 09 13 00 
10 24 09 13 18 
10 24 09 15 1e 
10 24 09 1a 00 
10 24 09 1a 01 
10 24 09 1a 02 
10 24 09 1a 0e 
10 24 09 1a 1e 
10 24 09 1b 00 
10 24 09 1b 01 
10 24 09 1b 02 
10 24 09 1b 15 
10 24 09 1b 27 
10 24 09 1c 00 
10 24 09 1c 02 
10 24 09 1c 0e 
10 24 09 20 00 
10 24 09 20 01 
10 24 09 20 0e 
10 24 09 20 18 
10 24 09 20 1e 
10 24 09 26 02 
10 24 09 26 0e 
10 24 09 26 18 
10 24 09 26 19 
10 24 09 26 1e 
10 24 09 26 20 
10 24 09 27 02 
10 24 09 27 0e 
10 24 09 27 18 
10 24 09 27 19 
10 24 09 27 1e 
10 24 09 27 27 
10 24 09 
10 24 0a 03 08 
10 24 0a 03 27 
10 24 0a 0c 08 
10 24 0a 0c 1f 
10 24 0a 1a 1f 
10 24 0a 1a 27 
10 24 0a 1b 1f 
10 24 0a 1b 27 
10 24 0a 1c 08 
10 24 0a 20 01 
10 24 0a 20 1f 
10 24 0a 20 27 
10 24 0a 26 1f 
10 24 0a 27 00 
10 24 0a 27 1f 
10 24 0a 27 27 
10 24 0f 03 01 
10 24 0f 03 1f 
10 24 0f 03 27 
10 24 0f 04 01 
10 24 0f 04 1f 
10 24 0f 0c 01 
10 24 0f 0c 12 
10 24 0f 0c 1f 
10 24 0f 0d 1f 
10 24 0f 13 18 
10 24 0f 13 1f 
10 24 0f 1a 01 
10 24 0f 1a 12 
10 24 0f 1a 1e 
10 24 0f 1a 1f 
10 24 0f 1a 27 
10 24 0f 1b 1f 
10 24 0f 1b 27 
10 24 0f 1c 01 
10 24 0f 1c 0a 
10 24 0f 1c 1e 
10 24 0f 1c 1f 
10 24 0f 20 01 
10 24 0f 20 0a 
10 24 0f 20 12 
10 24 0f 20 18 
10 24 0f 20 19 
10 24 0f 20 1e 
10 24 0f 26 1f 
10 24 0f 26 27 
10 24 0f 27 01 
10 24 0f 27 08 
10 24 0f 27 12 
10 24 0f 27 18 
10 24 0f 27 1e 
10 24 12 0d 
10 24 12 1a 00 
10 24 12 1a 0f 
10 24 12 1a 1f 
10 24 12 20 01 
10 24 12 20 0f 
10 24 12 27 0f 
10 24 12 27 1f 
10 24 12 27 27 
10 24 13 04 
10 24 13 0c 18 
10 24 13 27 00 
10 24 14 04 
10 24 14 0d 
10 24 14 15 
10 24 14 1d 
10 24 15 04 
10 24 15 0d 
10 24 15 1b 09 
10 24 16 20 09 
10 24 16 20 19 
10 24 16 20 20 
10 24 16 26 19 
10 24 16 27 19 
10 24 18 03 09 
10 24 18 0c 09 
10 24 18 0c 13 
10 24 18 0d 09 
10 24 18 0d 1b 
10 24 18 15 00 
10 24 18 1a 00 
10 24 18 1a 09 
10 24 18 1a 0f 
10 24 18 1b 1b 
10 24 18 20 01 
10 24 18 20 08 
10 24 18 20 09 
10 24 18 20 0a 
10 24 18 20 0f 
10 24 18 20 1b 
10 24 18 20 26 
10 24 18 20 27 
10 24 18 25 00 
10 24 18 25 1b 
10 24 18 26 09 
10 24 18 27 01 
10 24 18 27 08 
10 24 18 27 09 
10 24 18 27 0a 
10 24 18 27 0f 
10 24 18 27 1b 
10 24 18 27 26 
10 24 18 27 27 
10 24 1e 1a 09 
10 24 1e 1b 00 
10 24 1e 20 01 
10 24 1e 20 09 
10 24 1e 20 27 
10 24 1e 25 01 
10 24 1e 25 09 
10 24 1e 25 18 
10 24 1e 26 01 
10 24 1e 27 01 
10 24 1e 27 09 
10 24 1e 27 27 
10 24 1f 03 08 
10 24 1f 03 0a 
10 24 1f 03 0f 
10 24 1f 03 1a 
10 24 1f 04 08 
10 24 1f 04 1a 
10 24 1f 0c 0f 
10 24 1f 0d 0a 
10 24 1f 0d 0f 
10 24 1f 0d 1a 
10 24 1f 13 0f 
10 24 1f 15 08 
10 24 1f 15 1a 
10 24 1f 1a 08 
10 24 1f 1a 0a 
10 24 1f 1a 0f 
10 24 1f 1a 12 
10 24 1f 1a 1a 
10 24 1f 1a 1c 
10 24 1f 1a 26 
10 24 1f 1b 01 
10 24 1f 1b 08 
10 24 1f 1b 0f 
10 24 1f 1b 27 
10 24 1f 1c 0a 
10 24 1f 1c 0f 
10 24 1f 1c 1b 
10 24 1f 1c 27 
10 24 1f 20 00 
10 24 1f 20 08 
10 24 1f 20 0a 
10 24 1f 20 12 
10 24 1f 20 1a 
10 24 1f 20 1c 
10 24 1f 20 20 
10 24 1f 20 26 
10 24 1f 25 01 
10 24 1f 25 0a 
10 24 1f 25 0f 
10 24 1f 25 1a 
10 24 1f 25 1b 
10 24 1f 25 1c 
10 24 1f 26 08 
10 24 1f 26 0a 
10 24 1f 26 1a 
10 24 1f 26 20 
10 24 1f 26 26 
10 24 1f 27 00 
10 24 1f 27 08 
10 24 1f 27 0a 
10 24 1f 27 12 
10 24 1f 27 19 
10 24 1f 27 1a 
10 24 1f 27 1c 
10 24 1f 27 20 
10 24 1f 27 26 
10 24 1f 
10 24 27 03 00 
10 24 27 03 01 
10 24 27 03 0a 
10 24 27 03 0f 
10 24 27 03 1a 
10 24 27 13 20 
10 24 27 15 01 
10 24 27 15 0a 
10 24 27 15 0f 
10 24 27 15 20 
10 24 27 1a 00 
10 24 27 1a 01 
10 24 27 1a 0a 
10 24 27 1a 0f 
10 24 27 1a 20 
10 24 27 1a 24 
10 24 27 1b 09 
10 24 27 1b 0a 
10 24 27 1b 0f 
10 24 27 1b 1f 
10 24 27 1c 00 
10 24 27 1c 1f 
10 24 27 1c 24 
10 24 27 20 08 
10 24 27 20 0a 
10 24 27 20 18 
10 24 27 20 19 
10 24 27 20 1e 
10 24 27 20 24 
10 24 27 24 08 
10 24 27 24 0a 
10 24 27 24 0f 
10 24 27 24 13 
10 24 27 24 18 
10 24 27 24 19 
10 24 27 24 1f 
10 24 27 24 24 
10 24 27 26 01 
10 24 27 26 19 
10 24 27 26 20 
10 24 27 26 21 
10 24 27 27 00 
10 24 27 27 08 
10 24 27 27 09 
10 24 27 27 0a 
10 24 27 27 12 
10 24 27 27 18 
10 24 27 27 19 
10 24 27 27 1e 
10 24 27 27 21 
10 25 00 04 20 
10 25 00 0c 01 
10 25 00 0c 1e 
10 25 00 0c 1f 
10 25 00 0c 27 
10 25 00 13 01 
10 25 00 13 08 
10 25 00 13 1e 
10 25 00 15 02 
10 25 00 15 08 
10 25 00 15 16 
10 25 00 1a 08 
10 25 00 1a 18 
10 25 00 1a 19 
10 25 00 1a 1e 
10 25 00 1a 1f 
10 25 00 1a 27 
10 25 00 1b 08 
10 25 00 1b 12 
10 25 00 1b 16 
10 25 00 1b 18 
10 25 00 1b 19 
10 25 00 1b 1f 
10 25 00 1b 27 
10 25 00 1c 02 
10 25 00 1c 08 
10 25 00 1c 19 
10 25 00 1c 1e 
10 25 00 1c 1f 
10 25 00 20 01 
10 25 00 20 08 
10 25 00 20 16 
10 25 00 20 19 
10 25 00 21 02 
10 25 00 21 08 
10 25 00 21 13 
10 25 00 21 16 
10 25 00 22 01 
10 25 00 22 08 
10 25 00 22 12 
10 25 00 22 1e 
10 25 00 23 08 
10 25 01 03 27 
10 25 01 04 00 
10 25 01 04 07 
10 25 01 04 18 
10 25 01 0c 09 
10 25 01 0c 0a 
10 25 01 0c 0f 
10 25 01 0c 20 
10 25 01 0c 27 
10 25 01 0d 1f 
10 25 01 13 04 
10 25 01 13 09 
10 25 01 13 0f 
10 25 01 13 1e 
10 25 01 15 04 
10 25 01 15 0a 
10 25 01 15 15 
10 25 01 15 18 
10 25 01 15 1e 
10 25 01 1a 06 
10 25 01 1a 08 
10 25 01 1a 09 
10 25 01 1a 0f 
10 25 01 1a 19 
10 25 01 1a 1e 
10 25 01 1b 07 
10 25 01 1b 08 
10 25 01 1b 20 
10 25 01 1c 0e 
10 25 01 1c 0f 
10 25 01 1c 1e 
10 25 01 1c 1f 
10 25 01 1c 20 
10 25 01 20 08 
10 25 01 20 0f 
10 25 01 20 18 
10 25 01 20 19 
10 25 01 20 1e 
10 25 01 21 04 
10 25 01 21 08 
10 25 01 21 0a 
10 25 01 21 0f 
10 25 01 21 18 
10 25 01 21 1e 
10 25 01 22 06 
10 25 01 22 08 
10 25 01 22 09 
10 25 01 22 0f 
10 25 01 22 18 
10 25 01 22 19 
10 25 01 22 1e 
10 25 01 23 0f 
10 25 01 23 15 
10 25 01 24 09 
10 25 01 24 0f 
10 25 01 24 18 
10 25 01 24 19 
10 25 01 24 1e 
10 25 01 24 20 
10 25 08 04 19 
10 25 08 0d 00 
10 25 08 0d 1e 
10 25 08 0d 1f 
10 25 08 13 00 
10 25 08 13 0d 
10 25 08 13 1f 
10 25 08 13 20 
10 25 08 1a 00 
10 25 08 1a 01 
10 25 08 1a 02 
10 25 08 1a 0d 
10 25 08 1a 0e 
10 25 08 1a 1f 
10 25 08 1a 27 
10 25 08 1b 00 
10 25 08 1b 01 
10 25 08 1b 1f 
10 25 08 1b 20 
10 25 08 1c 00 
10 25 08 1c 0e 
10 25 08 20 01 
10 25 08 20 02 
10 25 08 20 0d 
10 25 08 20 18 
10 25 08 20 1e 
10 25 08 20 1f 
10 25 08 20 27 
10 25 08 21 01 
10 25 08 21 02 
10 25 08 21 0d 
10 25 08 21 18 
10 25 08 21 19 
10 25 08 21 1e 
10 25 08 21 1f 
10 25 08 21 27 
10 25 08 22 01 
10 25 08 22 0d 
10 25 08 22 18 
10 25 08 22 19 
10 25 08 22 1e 
10 25 08 22 1f 
10 25 08 22 27 
10 25 08 23 0d 
10 25 08 23 1f 
10 25 08 23 27 
10 25 08 24 1e 
10 25 08 24 1f 
10 25 09 04 12 
10 25 09 0c 0c 
10 25 09 0c 18 
10 25 09 0d 18 
10 25 09 0d 1f 
10 25 09 13 0e 
10 25 09 13 16 
10 25 09 13 18 
10 25 09 13 1e 
10 25 09 13 20 
10 25 09 15 0c 
10 25 09 1a 01 
10 25 09 1a 12 
10 25 09 1a 16 
10 25 09 1a 18 
10 25 09 1a 19 
10 25 09 1a 1e 
10 25 09 1b 1f 
10 25 09 1b 27 
10 25 09 1c 19 
10 25 09 1c 1e 
10 25 09 20 02 
10 25 09 20 0e 
10 25 09 20 18 
10 25 09 20 19 
10 25 09 20 1e 
10 25 09 20 27 
10 25 09 21 00 
10 25 09 21 02 
10 25 09 21 0c 
10 25 09 21 0e 
10 25 09 21 16 
10 25 09 21 18 
10 25 09 21 1e 
10 25 09 21 20 
10 25 09 22 00 
10 25 09 22 01 
10 25 09 22 0e 
10 25 09 22 18 
10 25 09 22 1e 
10 25 09 23 00 
10 25 09 23 18 
10 25 09 24 02 
10 25 09 24 0e 
10 25 09 24 18 
10 25 09 24 19 
10 25 09 24 1e 
10 25 09 24 20 
10 25 0a 0c 08 
10 25 0a 0c 1f 
10 25 0a 0d 08 
10 25 0a 15 01 
10 25 0a 15 20 
10 25 0a 1a 08 
10 25 0a 1a 1f 
10 25 0a 1a 20 
10 25 0a 1a 27 
10 25 0a 1b 08 
10 25 0a 1c 08 
10 25 0a 20 00 
10 25 0a 20 1f 
10 25 0a 20 27 
10 25 0a 21 01 
10 25 0a 21 1f 
10 25 0a 21 27 
10 25 0a 22 08 
10 25 0a 22 20 
10 25 0a 22 27 
10 25 0a 23 08 
10 25 0a 24 1f 
10 25 0f 04 12 
10 25 0f 04 19 
10 25 0f 04 1e 
10 25 0f 04 20 
10 25 0f 04 27 
10 25 0f 0c 01 
10 25 0f 0c 0a 
10 25 0f 0c 12 
10 25 0f 0c 1f 
10 25 0f 0c 27 
10 25 0f 13 09 
10 25 0f 13 12 
10 25 0f 13 1e 
10 25 0f 13 1f 
10 25 0f 15 0a 
10 25 0f 15 20 
10 25 0f 1a 01 
10 25 0f 1a 1e 
10 25 0f 1a 1f 
10 25 0f 1a 27 
10 25 0f 1b 1f 
10 25 0f 1b 27 
10 25 0f 1c 01 
10 25 0f 1c 1e 
10 25 0f 1c 1f 
10 25 0f 20 01 
10 25 0f 20 08 
10 25 0f 20 12 
10 25 0f 20 18 
10 25 0f 20 1e 
10 25 0f 21 01 
10 25 0f 21 0a 
10 25 0f 21 12 
10 25 0f 21 18 
10 25 0f 21 19 
10 25 0f 21 1e 
10 25 0f 22 01 
10 25 0f 22 0a 
10 25 0f 23 01 
10 25 0f 23 12 
10 25 0f 23 19 
10 25 12 04 09 
10 25 12 04 0f 
10 25 12 0c 09 
10 25 12 13 01 
10 25 12 13 0f 
10 25 12 14 09 
10 25 12 14 0f 
10 25 12 14 1f 
10 25 12 1a 09 
10 25 12 1d 09 
10 25 12 1d 0f 
10 25 12 20 0f 
10 25 12 20 1f 
10 25 12 20 27 
10 25 12 21 00 
10 25 12 21 0f 
10 25 12 21 1f 
10 25 12 22 00 
10 25 12 23 00 
10 25 12 23 0f 
10 25 13 0c 27 
10 25 13 1d 08 
10 25 13 1d 1f 
10 25 13 20 00 
10 25 13 23 27 
10 25 14 0b 
10 25 14 14 
10 25 15 04 09 
10 25 15 0b 09 
10 25 15 0d 
10 25 15 15 01 
10 25 15 23 01 
10 25 16 0b 01 
10 25 16 0c 09 
10 25 16 13 09 
10 25 16 13 19 
10 25 16 14 19 
10 25 16 15 00 
10 25 16 15 19 
10 25 16 15 27 
10 25 16 1a 09 
10 25 16 1a 19 
10 25 16 1a 1f 
10 25 16 1a 20 
10 25 16 1a 27 
10 25 16 1b 00 
10 25 16 20 19 
10 25 16 20 27 
10 25 16 21 09 
10 25 16 21 19 
10 25 16 21 20 
10 25 16 22 1f 
10 25 16 23 19 
10 25 16 24 19 
10 25 18 04 01 
10 25 18 04 15 
10 25 18 0d 09 
10 25 18 15 01 
10 25 18 1a 01 
10 25 18 1a 09 
10 25 18 1a 0a 
10 25 18 1a 0f 
10 25 18 1a 1b 
10 25 18 1a 20 
10 25 18 1a 26 
10 25 18 1b 09 
10 25 18 20 01 
10 25 18 20 08 
10 25 18 20 09 
10 25 18 20 0a 
10 25 18 20 0f 
10 25 18 20 1b 
10 25 18 20 26 
10 25 18 20 27 
10 25 18 21 09 
10 25 18 21 26 
10 25 18 22 01 
10 25 18 22 08 
10 25 18 22 09 
10 25 18 22 0a 
10 25 18 22 1b 
10 25 18 22 20 
10 25 18 23 09 
10 25 18 23 1b 
10 25 18 24 09 
10 25 19 04 08 
10 25 19 04 0f 
10 25 19 04 1e 
10 25 19 0c 09 
10 25 19 0c 27 
10 25 19 13 16 
10 25 19 13 18 
10 25 19 13 1e 
10 25 19 13 27 
10 25 19 15 0a 
10 25 19 15 16 
10 25 19 15 26 
10 25 19 1a 00 
10 25 19 1a 01 
10 25 19 1a 09 
10 25 19 1a 16 
10 25 19 1a 1e 
10 25 19 1a 27 
10 25 19 1b 00 
10 25 19 1c 00 
10 25 19 1c 01 
10 25 19 1c 09 
10 25 19 1c 16 
10 25 19 1c 1e 
10 25 19 1c 27 
10 25 19 20 00 
10 25 19 20 01 
10 25 19 20 09 
10 25 19 20 1e 
10 25 19 20 1f 
10 25 19 20 27 
10 25 19 21 08 
10 25 19 21 0a 
10 25 19 21 0f 
10 25 19 21 16 
10 25 19 21 1e 
10 25 19 21 27 
10 25 19 22 01 
10 25 19 22 08 
10 25 19 22 0a 
10 25 19 22 27 
10 25 19 23 0f 
10 25 19 23 16 
10 25 19 23 27 
10 25 19 24 01 
10 25 19 24 09 
10 25 19 24 16 
10 25 19 24 27 
10 25 1e 04 18 
10 25 1e 0c 00 
10 25 1e 0d 18 
10 25 1e 13 00 
10 25 1e 13 18 
10 25 1e 15 01 
10 25 1e 15 18 
10 25 1e 1a 00 
10 25 1e 1a 01 
10 25 1e 1a 09 
10 25 1e 1a 18 
10 25 1e 1b 18 
10 25 1e 1c 00 
10 25 1e 1c 01 
10 25 1e 1c 09 
10 25 1e 1c 18 
10 25 1e 20 01 
10 25 1e 20 09 
10 25 1e 20 27 
10 25 1e 21 01 
10 25 1e 21 09 
10 25 1e 21 27 
10 25 1e 22 00 
10 25 1e 22 01 
10 25 1e 22 18 
10 25 1e 22 27 
10 25 1e 23 18 
10 25 1e 24 01 
10 25 1f 04 08 
10 25 1f 04 15 
10 25 1f 04 19 
10 25 1f 04 20 
10 25 1f 0c 00 
10 25 1f 0c 0a 
10 25 1f 0c 0f 
10 25 1f 0c 19 
10 25 1f 0c 20 
10 25 1f 0c 27 
10 25 1f 0d 01 
10 25 1f 0d 09 
10 25 1f 13 08 
10 25 1f 13 0a 
10 25 1f 13 0f 
10 25 1f 13 1a 
10 25 1f 13 27 
10 25 1f 15 08 
10 25 1f 15 15 
10 25 1f 15 19 
10 25 1f 15 20 
10 25 1f 1a 00 
10 25 1f 1a 08 
10 25 1f 1a 0f 
10 25 1f 1a 16 
10 25 1f 1a 1a 
10 25 1f 1a 20 
10 25 1f 1a 26 
10 25 1f 1a 27 
10 25 1f 1b 00 
10 25 1f 1b 08 
10 25 1f 1b 09 
10 25 1f 1b 0f 
10 25 1f 1c 00 
10 25 1f 1c 08 
10 25 1f 1c 0a 
10 25 1f 1c 0f 
10 25 1f 1c 1a 
10 25 1f 1c 27 
10 25 1f 21 00 
10 25 1f 21 08 
10 25 1f 21 0a 
10 25 1f 21 12 
10 25 1f 21 1a 
10 25 1f 21 1c 
10 25 1f 21 20 
10 25 1f 21 26 
10 25 1f 22 08 
10 25 1f 22 0a 
10 25 1f 22 16 
10 25 1f 22 1a 
10 25 1f 23 08 
10 25 1f 23 19 
10 25 1f 23 1a 
10 25 1f 24 08 
10 25 1f 24 0a 
10 25 1f 24 1a 
10 25 1f 24 20 
10 25 1f 24 26 
10 25 20 04 00 
10 25 20 04 01 
10 25 20 04 0f 
10 25 20 04 12 
10 25 20 0c 09 
10 25 20 0c 1f 
10 25 20 0d 09 
10 25 20 13 08 
10 25 20 13 09 
10 25 20 13 0f 
10 25 20 13 18 
10 25 20 13 19 
10 25 20 15 01 
10 25 20 15 09 
10 25 20 15 0a 
10 25 20 15 0f 
10 25 20 15 1f 
10 25 20 1b 09 
10 25 20 20 1f 
10 25 20 21 1f 
10 25 20 22 01 
10 25 20 22 09 
10 25 20 22 0f 
10 25 20 22 19 
10 25 20 22 1f 
10 25 20 22 24 
10 25 20 24 09 
10 25 20 24 1f 
10 25 27 03 01 
10 25 27 04 09 
10 25 27 04 0a 
10 25 27 04 0f 
10 25 27 04 12 
10 25 27 04 1f 
10 25 27 04 22 
10 25 27 04 24 
10 25 27 0c 00 
10 25 27 0c 0f 
10 25 27 0c 13 
10 25 27 0c 19 
10 25 27 0c 1f 
10 25 27 0c 24 
10 25 27 0d 21 
10 25 27 0d 24 
10 25 27 13 18 
10 25 27 13 19 
10 25 27 13 1f 
10 25 27 13 20 
10 25 27 13 22 
10 25 27 15 0a 
10 25 27 15 0f 
10 25 27 15 12 
10 25 27 15 18 
10 25 27 15 19 
10 25 27 15 1f 
10 25 27 1a 00 
10 25 27 1a 08 
10 25 27 1a 0a 
10 25 27 1a 0f 
10 25 27 1a 16 
10 25 27 1a 19 
10 25 27 1a 1f 
10 25 27 1a 20 
10 25 27 1a 22 
10 25 27 1b 00 
10 25 27 1b 09 
10 25 27 1b 0f 
10 25 27 1b 21 
10 25 27 1c 00 
10 25 27 1c 08 
10 25 27 1c 0a 
10 25 27 1c 0f 
10 25 27 1c 19 
10 25 27 1c 20 
10 25 27 1c 21 
10 25 27 1c 22 
10 25 27 20 00 
10 25 27 20 0f 
10 25 27 20 20 
10 25 27 21 08 
10 25 27 21 0a 
10 25 27 21 18 
10 25 27 21 19 
10 25 27 21 1e 
10 25 27 21 24 
10 25 27 22 08 
10 25 27 22 0a 
10 25 27 22 19 
10 25 27 22 1e 
10 25 27 23 08 
10 25 27 23 13 
10 25 27 23 19 
10 25 27 23 24 
10 25 27 24 01 
10 25 27 24 19 
10 25 27 24 20 
10 25 27 24 21 
